22;70
18;70
14;70
39;70
31;70
25;70
20;70
16;70
13;70
10;70
8;70
40;70
32;70
26;70
21;70
16;70
46;70
37;70
30;70
24;70
19;70
15;70
12;70
51;70
51;70
41;70
33;70
26;70
21;70
49;70
40;70
32;70
25;70
20;70
16;70
13;70
46;70
36;70
29;70
23;70
19;70
46;70
37;70
29;70
23;70
19;70
15;70
12;70
10;70
8;70
52;70
42;70
33;70
27;70
21;70
17;70
14;70
44;70
35;70
28;70
23;70
18;70
15;70
12;70
9;70
45;70
36;70
29;70
23;70
18;70
50;70
40;70
32;70
26;70
21;70
17;70
13;70
11;70
52;70
42;70
33;70
27;70
21;70
52;70
42;70
33;70
27;70
21;70
17;70
14;70
11;70
51;70
41;70
33;70
26;70
21;70
17;70
13;70
11;70
9;70
7;70
5;70
4;70
4;70
49;70
39;70
31;70
25;70
20;70
57;70
45;70
36;70
29;70
23;70
19;70
15;70
12;70
64;70
51;70
41;70
33;70
26;70
21;70
17;70
53;70
42;70
34;70
27;70
22;70
17;70
67;70
76;70
61;70
48;70
39;70
31;70
65;70
52;70
42;70
33;70
27;70
21;70
17;70
68;70
54;70
44;70
35;70
28;70
51;70
41;70
32;70
26;70
21;70
17;70
13;70
11;70
9;70
50;70
40;70
32;70
25;70
20;70
16;70
13;70
10;70
8;70
7;70
5;70
4;70
3;70
54;70
45;70
36;70
29;70
23;70
18;70
55;70
44;70
35;70
28;70
23;70
18;70
14;70
63;70
62;70
49;70
39;70
32;70
25;70
20;70
16;70
13;70
10;70
8;70
7;70
5;70
4;70
48;70
38;70
31;70
24;70
20;70
16;70
13;70
10;70
8;70
6;70
5;70
4;70
51;70
41;70
32;70
26;70
66;70
52;70
42;70
34;70
27;70
21;70
17;70
14;70
57;70
46;70
37;70
29;70
24;70
19;70
15;70
12;70
10;70
8;70
6;70
5;70
52;70
42;70
34;70
27;70
21;70
17;70
14;70
11;70
9;70
7;70
6;70
4;70
4;70
3;70
47;70
37;70
30;70
24;70
19;70
54;70
43;70
35;70
28;70
22;70
18;70
14;70
11;70
55;70
44;70
35;70
28;70
23;70
18;70
59;70
47;70
38;70
30;70
24;70
19;70
66;70
53;70
42;70
34;70
27;70
22;70
17;70
14;70
11;70
9;70
7;70
6;70
5;70
50;70
40;70
32;70
26;70
21;70
17;70
32;70
26;70
20;70
16;70
13;70
10;70
8;70
45;70
36;70
29;70
23;70
18;70
15;70
12;70
9;70
8;70
6;70
5;70
4;70
51;70
60;70
48;70
39;70
31;70
25;70
20;70
16;70
13;70
10;70
8;70
6;70
5;70
50;70
79;70
63;70
50;70
40;70
32;70
60;70
48;70
38;70
31;70
25;70
20;70
16;70
63;70
50;70
40;70
32;70
26;70
21;70
16;70
13;70
10;70
8;70
7;70
5;70
4;70
45;70
36;70
29;70
23;70
18;70
15;70
48;70
38;70
30;70
24;70
19;70
16;70
12;70
52;70
42;70
33;70
27;70
21;70
17;70
14;70
11;70
9;70
7;70
6;70
4;70
4;70
53;70
42;70
34;70
27;70
22;70
17;70
14;70
11;70
9;70
7;70
6;70
5;70
55;70
44;70
35;70
28;70
23;70
18;70
54;70
43;70
35;70
28;70
22;70
18;70
14;70
64;70
52;70
41;70
33;70
27;70
21;70
55;70
44;70
35;70
28;70
23;70
18;70
14;70
54;70
43;70
35;70
28;70
22;70
18;70
14;70
11;70
9;70
7;70
6;70
5;70
58;70
46;70
37;70
30;70
24;70
61;70
49;70
39;70
31;70
25;70
20;70
16;70
13;70
59;70
47;70
38;70
30;70
24;70
19;70
59;70
47;70
38;70
30;70
24;70
19;70
16;70
65;70
52;70
42;70
33;70
27;70
21;70
60;70
48;70
38;70
31;70
25;70
20;70
16;70
63;70
72;70
58;70
46;70
37;70
30;70
24;70
55;70
44;70
35;70
28;70
22;70
18;70
14;70
63;70
61;70
49;70
39;70
31;70
65;70
52;70
42;70
33;70
27;70
21;70
17;70
14;70
54;70
44;70
35;70
28;70
22;70
57;70
45;70
36;70
29;70
23;70
19;70
15;70
62;70
84;70
67;70
54;70
43;70
35;70
28;70
22;70
42;70
34;70
27;70
22;70
17;70
14;70
11;70
63;70
50;70
40;70
32;70
26;70
20;70
60;70
48;70
38;70
31;70
25;70
20;70
16;70
66;70
53;70
42;70
34;70
27;70
22;70
60;70
48;70
38;70
31;70
25;70
20;70
16;70
58;70
46;70
37;70
29;70
24;70
60;70
48;70
39;70
31;70
25;70
20;70
16;70
13;70
53;70
43;70
34;70
27;70
22;70
17;70
14;70
11;70
9;70
7;70
6;70
5;70
4;70
47;70
37;70
30;70
24;70
19;70
15;70
55;70
44;70
35;70
28;70
22;70
18;70
14;70
12;70
58;70
47;70
37;70
30;70
24;70
19;70
15;70
12;70
10;70
8;70
6;70
5;70
4;70
54;70
56;70
45;70
36;70
29;70
23;70
57;70
46;70
37;70
29;70
24;70
19;70
15;70
63;70
50;70
40;70
32;70
26;70
21;70
16;70
13;70
11;70
8;70
7;70
5;70
4;70
3;70
3;70
44;70
35;70
28;70
23;70
18;70
14;70
50;70
40;70
32;70
26;70
21;70
16;70
13;70
45;70
66;70
52;70
42;70
34;70
27;70
21;70
17;70
14;70
11;70
9;70
7;70
6;70
5;70
4;70
54;70
44;70
35;70
28;70
22;70
18;70
14;70
11;70
9;70
7;70
6;70
5;70
4;70
3;70
2;70
52;70
41;70
33;70
26;70
21;70
17;70
19;70
15;70
12;70
10;70
8;70
6;70
5;70
45;70
36;70
29;70
23;70
19;70
15;70
52;70
42;70
34;70
27;70
21;70
17;70
62;70
59;70
47;70
38;70
30;70
24;70
58;70
46;70
37;70
29;70
24;70
19;70
15;70
12;70
51;70
41;70
33;70
26;70
21;70
56;70
45;70
36;70
29;70
23;70
18;70
15;70
12;70
57;70
46;70
37;70
29;70
23;70
19;70
15;70
27;70
22;70
18;70
14;70
11;70
51;70
58;70
47;70
37;70
30;70
24;70
19;70
15;70
44;70
36;70
28;70
23;70
18;70
15;70
12;70
51;70
41;70
33;70
26;70
21;70
17;70
13;70
11;70
38;70
30;70
24;70
19;70
15;70
12;70
10;70
8;70
51;70
44;70
35;70
28;70
22;70
18;70
14;70
11;70
9;70
7;70
6;70
5;70
45;70
36;70
29;70
23;70
19;70
15;70
12;70
10;70
8;70
34;70
28;70
22;70
18;70
14;70
11;70
9;70
40;70
32;70
26;70
21;70
16;70
13;70
39;70
31;70
25;70
20;70
16;70
13;70
51;70
41;70
32;70
26;70
21;70
