4088;6
4088;6
4088;6
4088;6
4088;6
4088;6
4088;6
4088;6
4088;6
4088;6
4088;6
4088;6
4088;6
4088;6
4088;6
4088;6
4088;6
4088;6
4088;6
4088;6
4088;6
4088;6
4088;6
4088;6
4088;6
4088;6
4088;6
4088;6
4088;6
4088;6
4088;6
4088;6
4088;6
4088;6
4088;6
4088;6
4088;6
4088;6
4088;6
4088;6
4088;6
4088;6
4088;6
4088;6
4088;6
4088;6
4088;6
4088;6
4088;6
4088;6
4088;6
3983;6
3188;6
2552;6
2043;6
1636;6
1310;6
1049;6
841;6
674;6
541;6
434;6
349;6
280;6
226;6
182;6
147;6
119;6
97;6
79;6
64;6
53;6
44;6
36;6
30;6
26;6
22;6
19;6
17;6
15;6
13;6
12;6
11;6
10;6
10;6
9;6
9;6
8;6
8;6
8;6
8;6
8;6
7;6
7;6
7;6
7;6
7;6
7;6
7;6
7;6
7;6
7;6
7;6
7;6
7;6
7;6
7;6
7;6
7;6
7;6
7;6
7;6
7;6
7;6
7;6
7;6
7;6
7;6
7;6
7;6
7;6
7;6
7;6
7;6
7;6
7;6
7;6
7;6
7;6
327;6
573;6
765;6
905;6
1007;6
1078;6
1123;6
1148;6
1149;6
1150;6
1133;6
1100;6
1058;6
1008;6
955;6
891;6
819;6
758;6
684;6
607;6
519;6
433;6
348;6
279;6
225;6
181;6
147;6
119;6
96;6
78;6
64;6
53;6
44;6
36;6
30;6
26;6
22;6
19;6
17;6
15;6
13;6
12;6
11;6
10;6
10;6
9;6
9;6
8;6
8;6
8;6
8;6
8;6
7;6
7;6
7;6
7;6
7;6
7;6
7;6
7;6
7;6
7;6
7;6
7;6
7;6
7;6
7;6
7;6
7;6
7;6
7;6
7;6
7;6
7;6
516;6
1231;6
1802;6
2259;6
2625;6
2918;6
3152;6
3339;6
3489;6
3609;6
3704;6
3781;6
3843;6
3892;6
3931;6
3962;6
3987;6
4008;6
4024;6
4037;6
4047;6
4055;6
4062;6
4067;6
4071;6
4075;6
4077;6
4079;6
4081;6
4082;6
4084;6
4084;6
4085;6
4086;6
4086;6
4087;6
4087;6
4087;6
4087;6
4087;6
4088;6
4088;6
4088;6
4088;6
4088;6
4088;6
4088;6
4088;6
4088;6
4088;6
4088;6
4088;6
4088;6
4088;6
4088;6
4088;6
4088;6
4088;6
4088;6
4088;6
4088;6
4088;6
4088;6
4088;6
4088;6
4088;6
4088;6
4088;6
4088;6
4088;6
4088;6
4088;6
4088;6
4088;6
4088;6
4088;6
4088;6
4088;6
4088;6
4088;6
4088;6
4088;6
4088;6
4088;6
4088;6
4088;6
4088;6
4088;6
4088;6
4088;6
4088;6
4088;6
4088;6
4088;6
4088;6
4088;6
4088;6
4088;6
4088;6
4088;6
4088;6
4088;6
4088;6
4088;6
4088;6
4088;6
4088;6
4088;6
4088;6
4088;6
4088;6
4088;6
4088;6
4088;6
4088;6
4088;6
4088;6
4088;6
4088;6
4088;6
4088;6
4088;6
4088;6
4088;6
4088;6
4088;6
4088;6
4088;6
4088;6
4088;6
4088;6
4088;6
4088;6
4088;6
4088;6
4088;6
4088;6
4088;6
4088;6
4088;6
4088;6
4088;6
4088;6
4088;6
4088;6
4088;6
4088;6
4088;6
4088;6
4088;6
4088;6
4088;6
4088;6
4088;6
4088;6
4088;6
4088;6
4088;6
4088;6
4088;6
4088;6
4088;6
4088;6
4088;6
4088;6
4088;6
4088;6
4088;6
4088;6
4088;6
4088;6
4088;6
4088;6
4088;6
4088;6
4088;6
4088;6
4088;6
4088;6
4088;6
4088;6
4088;6
4088;6
4088;6
4088;6
4088;6
4088;6
4088;6
4088;6
4088;6
4088;6
4088;6
4088;6
4088;6
4088;6
4088;6
4088;6
4088;6
4088;6
4088;6
4088;6
4088;6
4088;6
4088;6
4088;6
4088;6
4088;6
4088;6
4088;6
4088;6
4088;6
4088;6
4088;6
4088;6
4088;6
4088;6
4088;6
4088;6
4088;6
4088;6
4088;6
4088;6
4088;6
4088;6
4088;6
4088;6
4088;6
4088;6
4088;6
4088;6
4088;6
4088;6
4088;6
4088;6
4088;6
4088;6
4088;6
4088;6
4088;6
4088;6
4088;6
4088;6
4088;6
4088;6
4088;6
4088;6
4088;6
4088;6
4088;6
4088;6
4088;6
4088;6
4088;6
4088;6
4088;6
4088;6
4088;6
4088;6
4088;6
4088;6
4088;6
4088;6
4088;6
4088;6
4088;6
4088;6
4088;6
4088;6
4088;6
4088;6
4088;6
4088;6
4088;6
4088;6
4088;6
4088;6
4088;6
4088;6
4088;6
4088;6
4088;6
4088;6
4088;6
4074;6
4043;6
4007;6
3962;6
3920;6
3883;6
3853;6
3826;6
3822;6
3867;6
3911;6
3946;6
3975;6
3997;6
4016;6
4030;6
4042;6
4051;6
4058;6
4064;6
4069;6
4073;6
4076;6
4078;6
4080;6
4082;6
4083;6
4084;6
4085;6
4085;6
4086;6
4086;6
4087;6
4087;6
4087;6
4087;6
4087;6
4088;6
4088;6
4088;6
4088;6
4088;6
4088;6
4088;6
4088;6
4088;6
4088;6
4055;6
3953;6
3799;6
3630;6
3477;6
3326;6
3177;6
3035;6
2900;6
2777;6
2658;6
2541;6
2423;6
2309;6
2162;6
1981;6
1733;6
1387;6
1111;6
890;6
714;6
572;6
459;6
369;6
296;6
239;6
192;6
155;6
126;6
102;6
83;6
68;6
496;6
1160;6
1745;6
2214;6
2589;6
2889;6
3128;6
3320;6
3474;6
3597;6
3695;6
3774;6
3836;6
3887;6
3927;6
3959;6
3985;6
3881;6
3374;6
2700;6
2162;6
1731;6
1386;6
1110;6
890;6
713;6
572;6
459;6
368;6
296;6
238;6
192;6
155;6
125;6
102;6
83;6
68;6
56;6
46;6
38;6
32;6
27;6
23;6
20;6
17;6
15;6
14;6
12;6
11;6
10;6
10;6
9;6
9;6
8;6
8;6
8;6
8;6
8;6
7;6
7;6
7;6
7;6
7;6
7;6
7;6
7;6
7;6
7;6
7;6
7;6
7;6
7;6
7;6
7;6
7;6
7;6
7;6
7;6
7;6
7;6
7;6
7;6
7;6
7;6
7;6
7;6
7;6
7;6
7;6
7;6
7;6
7;6
7;6
7;6
7;6
7;6
7;6
7;6
7;6
7;6
7;6
7;6
7;6
7;6
7;6
7;6
7;6
7;6
7;6
7;6
7;6
7;6
7;6
7;6
7;6
7;6
7;6
7;6
7;6
7;6
7;6
7;6
7;6
7;6
7;6
7;6
7;6
7;6
7;6
7;6
7;6
7;6
7;6
7;6
7;6
7;6
7;6
7;6
7;6
7;6
7;6
7;6
7;6
7;6
7;6
7;6
7;6
7;6
7;6
7;6
7;6
7;6
7;6
7;6
7;6
7;6
7;6
7;6
7;6
7;6
7;6
7;6
7;6
7;6
7;6
7;6
7;6
7;6
7;6
7;6
7;6
7;6
7;6
7;6
7;6
7;6
7;6
7;6
7;6
7;6
7;6
7;6
7;6
7;6
7;6
7;6
7;6
7;6
7;6
7;6
7;6
7;6
7;6
7;6
286;6
503;6
670;6
796;6
885;6
943;6
977;6
995;6
997;6
995;6
1077;6
1214;6
1416;6
1664;6
1894;6
2122;6
2342;6
2528;6
2677;6
2796;6
2892;6
2968;6
3027;6
3070;6
3091;6
3090;6
3071;6
3045;6
2997;6
2922;6
2804;6
2617;6
2412;6
2017;6
1667;6
1335;6
1070;6
857;6
687;6
551;6
442;6
355;6
286;6
230;6
185;6
150;6
121;6
98;6
329;6
564;6
782;6
966;6
1127;6
1275;6
1392;6
1478;6
1540;6
1574;6
1578;6
1569;6
1519;6
1369;6
1097;6
879;6
705;6
565;6
453;6
364;6
293;6
236;6
190;6
153;6
124;6
101;6
82;6
67;6
55;6
45;6
38;6
32;6
27;6
23;6
20;6
17;6
15;6
13;6
12;6
11;6
10;6
10;6
9;6
9;6
8;6
8;6
8;6
8;6
8;6
7;6
7;6
7;6
7;6
7;6
7;6
7;6
7;6
7;6
7;6
7;6
7;6
7;6
7;6
7;6
7;6
7;6
7;6
7;6
7;6
7;6
7;6
7;6
7;6
7;6
7;6
7;6
7;6
7;6
7;6
7;6
7;6
7;6
7;6
7;6
7;6
7;6
7;6
7;6
7;6
7;6
7;6
7;6
7;6
7;6
7;6
7;6
7;6
7;6
7;6
7;6
7;6
7;6
7;6
7;6
7;6
7;6
7;6
7;6
7;6
7;6
7;6
7;6
7;6
7;6
7;6
7;6
7;6
7;6
7;6
7;6
7;6
7;6
7;6
7;6
7;6
7;6
7;6
7;6
7;6
7;6
7;6
7;6
7;6
7;6
7;6
7;6
7;6
7;6
7;6
7;6
7;6
7;6
7;6
7;6
7;6
7;6
7;6
7;6
7;6
