3;6
3;6
3;6
3;6
3;6
3;6
3;6
3;6
3;6
3;6
3;6
3;6
3;6
3;6
3;6
3;6
3;6
3;6
3;6
3;6
3;6
3;6
3;6
3;6
3;6
3;6
3;6
3;6
3;6
3;6
3;6
3;6
3;6
3;6
3;6
3;6
3;6
3;6
3;6
3;6
3;6
3;6
3;6
3;6
3;6
3;6
3;6
3;6
3;6
3;6
3;6
3;6
3;6
3;6
3;6
3;6
3;6
3;6
3;6
3;6
3;6
3;6
3;6
3;6
3;6
3;6
3;6
3;6
3;6
3;6
3;6
3;6
3;6
3;6
3;6
3;6
3;6
3;6
3;6
3;6
3;6
3;6
3;6
3;6
3;6
3;6
3;6
3;6
3;6
3;6
3;6
3;6
3;6
3;6
3;6
3;6
3;6
3;6
3;6
3;6
3;6
3;6
3;6
3;6
3;6
3;6
3;6
3;6
3;6
3;6
3;6
3;6
3;6
3;6
3;6
3;6
3;6
3;6
3;6
3;6
3;6
3;6
3;6
3;6
3;6
3;6
3;6
3;6
3;6
3;6
3;6
3;6
3;6
3;6
3;6
3;6
3;6
3;6
3;6
3;6
3;6
3;6
3;6
3;6
3;6
3;6
3;6
3;6
3;6
3;6
3;6
3;6
3;6
3;6
3;6
3;6
3;6
3;6
3;6
3;6
3;6
3;6
3;6
3;6
3;6
3;6
3;6
3;6
3;6
3;6
3;6
3;6
3;6
3;6
3;6
3;6
3;6
3;6
3;6
3;6
3;6
3;6
3;6
3;6
3;6
3;6
3;6
3;6
3;6
3;6
3;6
3;6
3;6
3;6
3;6
3;6
3;6
3;6
3;6
3;6
3;6
3;6
3;6
3;6
3;6
3;6
3;6
3;6
3;6
3;6
3;6
3;6
3;6
3;6
3;6
3;6
3;6
3;6
3;6
3;6
3;6
3;6
3;6
3;6
3;6
3;6
3;6
3;6
3;6
3;6
3;6
3;6
3;6
3;6
3;6
3;6
3;6
3;6
3;6
3;6
3;6
3;6
3;6
3;6
3;6
3;6
3;6
3;6
3;6
3;6
3;6
3;6
3;6
3;6
3;6
3;6
3;6
3;6
3;6
3;6
3;6
3;6
3;6
3;6
3;6
3;6
3;6
3;6
3;6
3;6
3;6
3;6
3;6
3;6
3;6
3;6
3;6
3;6
3;6
3;6
3;6
3;6
3;6
3;6
3;6
3;6
3;6
3;6
3;6
3;6
3;6
3;6
3;6
3;6
3;6
3;6
3;6
3;6
3;6
3;6
3;6
3;6
3;6
3;6
3;6
3;6
3;6
3;6
3;6
3;6
3;6
3;6
3;6
3;6
3;6
3;6
3;6
3;6
3;6
3;6
3;6
3;6
3;6
3;6
3;6
3;6
3;6
3;6
3;6
3;6
3;6
3;6
3;6
3;6
3;6
3;6
3;6
3;6
3;6
3;6
3;6
3;6
3;6
3;6
3;6
3;6
3;6
3;6
3;6
3;6
3;6
3;6
3;6
3;6
3;6
3;6
3;6
3;6
3;6
3;6
3;6
3;6
3;6
3;6
3;6
3;6
3;6
3;6
3;6
3;6
3;6
3;6
3;6
3;6
3;6
3;6
3;6
3;6
3;6
3;6
3;6
3;6
3;6
3;6
3;6
3;6
3;6
3;6
3;6
3;6
3;6
3;6
3;6
3;6
3;6
3;6
3;6
3;6
3;6
3;6
3;6
3;6
3;6
3;6
3;6
3;6
3;6
3;6
3;6
3;6
3;6
3;6
3;6
3;6
3;6
3;6
3;6
3;6
3;6
201;6
352;6
456;6
521;6
554;6
560;6
542;6
498;6
436;6
361;6
289;6
232;6
186;6
150;6
120;6
97;6
78;6
63;6
51;6
41;6
34;6
28;6
23;6
19;6
16;6
13;6
11;6
9;6
8;6
7;6
6;6
6;6
5;6
5;6
4;6
4;6
4;6
4;6
4;6
3;6
3;6
3;6
3;6
3;6
3;6
3;6
3;6
3;6
3;6
3;6
3;6
3;6
3;6
3;6
3;6
3;6
3;6
3;6
3;6
3;6
3;6
3;6
3;6
3;6
3;6
3;6
3;6
3;6
3;6
3;6
3;6
3;6
3;6
3;6
3;6
3;6
3;6
3;6
3;6
3;6
3;6
3;6
3;6
3;6
3;6
3;6
3;6
3;6
3;6
3;6
3;6
3;6
3;6
3;6
3;6
3;6
3;6
3;6
3;6
3;6
3;6
3;6
3;6
3;6
3;6
3;6
3;6
3;6
3;6
3;6
3;6
3;6
3;6
3;6
3;6
3;6
3;6
3;6
3;6
3;6
3;6
3;6
3;6
3;6
3;6
3;6
3;6
3;6
3;6
3;6
3;6
3;6
3;6
3;6
3;6
3;6
3;6
3;6
3;6
3;6
3;6
3;6
3;6
3;6
3;6
3;6
3;6
3;6
3;6
3;6
3;6
3;6
3;6
3;6
3;6
3;6
3;6
3;6
3;6
3;6
3;6
3;6
3;6
3;6
3;6
3;6
3;6
3;6
3;6
3;6
3;6
3;6
3;6
3;6
3;6
3;6
3;6
3;6
3;6
3;6
3;6
3;6
3;6
3;6
3;6
3;6
3;6
3;6
3;6
3;6
3;6
3;6
3;6
3;6
3;6
3;6
3;6
3;6
3;6
3;6
3;6
3;6
3;6
3;6
3;6
3;6
3;6
3;6
3;6
3;6
3;6
3;6
3;6
3;6
3;6
3;6
3;6
3;6
3;6
3;6
3;6
3;6
3;6
3;6
3;6
3;6
3;6
3;6
3;6
3;6
3;6
3;6
3;6
3;6
3;6
3;6
3;6
3;6
3;6
3;6
3;6
3;6
181;6
310;6
395;6
437;6
461;6
459;6
439;6
400;6
352;6
284;6
228;6
183;6
147;6
119;6
96;6
77;6
63;6
51;6
42;6
34;6
28;6
23;6
19;6
16;6
14;6
12;6
10;6
9;6
8;6
7;6
7;6
6;6
6;6
5;6
5;6
5;6
5;6
5;6
4;6
4;6
4;6
4;6
4;6
4;6
4;6
4;6
4;6
4;6
4;6
4;6
4;6
4;6
4;6
4;6
4;6
4;6
4;6
4;6
4;6
4;6
4;6
4;6
4;6
4;6
4;6
4;6
4;6
4;6
4;6
4;6
4;6
4;6
4;6
4;6
4;6
4;6
4;6
4;6
4;6
4;6
4;6
4;6
4;6
4;6
4;6
4;6
4;6
4;6
4;6
4;6
4;6
4;6
4;6
4;6
4;6
4;6
4;6
4;6
4;6
4;6
4;6
4;6
4;6
4;6
4;6
4;6
4;6
4;6
4;6
4;6
4;6
4;6
4;6
4;6
4;6
4;6
4;6
4;6
4;6
4;6
4;6
4;6
4;6
4;6
4;6
4;6
4;6
4;6
4;6
4;6
4;6
4;6
4;6
4;6
4;6
4;6
4;6
4;6
4;6
4;6
4;6
4;6
4;6
4;6
4;6
4;6
4;6
4;6
4;6
4;6
4;6
4;6
4;6
4;6
4;6
4;6
4;6
4;6
4;6
4;6
4;6
4;6
4;6
4;6
4;6
4;6
4;6
4;6
4;6
4;6
4;6
4;6
4;6
4;6
4;6
4;6
4;6
4;6
4;6
4;6
4;6
4;6
4;6
4;6
4;6
4;6
4;6
4;6
4;6
4;6
4;6
4;6
4;6
4;6
4;6
4;6
4;6
4;6
4;6
4;6
4;6
4;6
4;6
4;6
4;6
4;6
4;6
4;6
4;6
4;6
4;6
4;6
4;6
4;6
4;6
4;6
4;6
4;6
4;6
4;6
4;6
4;6
4;6
4;6
4;6
4;6
4;6
4;6
4;6
4;6
4;6
4;6
4;6
4;6
4;6
4;6
208;6
365;6
478;6
543;6
585;6
597;6
587;6
560;6
505;6
444;6
363;6
292;6
234;6
188;6
151;6
122;6
98;6
79;6
64;6
52;6
43;6
35;6
29;6
24;6
20;6
17;6
14;6
12;6
10;6
9;6
8;6
7;6
7;6
6;6
6;6
5;6
5;6
5;6
5;6
5;6
4;6
4;6
4;6
4;6
4;6
4;6
4;6
4;6
4;6
4;6
4;6
4;6
4;6
4;6
4;6
4;6
4;6
4;6
4;6
4;6
4;6
4;6
4;6
4;6
4;6
4;6
4;6
4;6
4;6
4;6
4;6
4;6
4;6
4;6
4;6
4;6
4;6
4;6
4;6
4;6
4;6
4;6
4;6
4;6
4;6
4;6
4;6
4;6
4;6
4;6
4;6
4;6
4;6
4;6
4;6
4;6
4;6
4;6
4;6
4;6
4;6
4;6
4;6
4;6
4;6
4;6
4;6
4;6
4;6
4;6
4;6
4;6
4;6
4;6
4;6
4;6
4;6
4;6
4;6
4;6
4;6
4;6
4;6
4;6
4;6
4;6
4;6
4;6
4;6
4;6
4;6
4;6
4;6
4;6
4;6
4;6
4;6
4;6
4;6
4;6
4;6
4;6
4;6
4;6
4;6
4;6
4;6
4;6
4;6
4;6
4;6
4;6
4;6
4;6
4;6
4;6
4;6
4;6
4;6
4;6
4;6
4;6
4;6
4;6
4;6
4;6
4;6
4;6
4;6
4;6
4;6
4;6
4;6
4;6
4;6
4;6
4;6
4;6
4;6
4;6
4;6
4;6
4;6
4;6
4;6
4;6
4;6
4;6
4;6
4;6
4;6
4;6
4;6
4;6
4;6
4;6
4;6
4;6
4;6
4;6
4;6
4;6
4;6
4;6
4;6
4;6
4;6
4;6
4;6
4;6
4;6
4;6
4;6
4;6
4;6
4;6
4;6
4;6
4;6
4;6
4;6
4;6
4;6
4;6
4;6
4;6
4;6
4;6
4;6
4;6
316;6
578;6
780;6
930;6
1030;6
1101;6
1141;6
1160;6
1160;6
1147;6
1118;6
1083;6
1051;6
1238;6
1638;6
1973;6
2243;6
2460;6
2635;6
2787;6
2916;6
3026;6
3116;6
3196;6
3259;6
3307;6
3335;6
3344;6
3331;6
3310;6
3274;6
3236;6
3192;6
3138;6
3078;6
3010;6
2935;6
2852;6
2757;6
2492;6
2239;6
1979;6
1646;6
1318;6
1055;6
845;6
677;6
542;6
435;6
348;6
280;6
224;6
180;6
421;6
657;6
859;6
1028;6
1178;6
1304;6
1401;6
1471;6
1521;6
1545;6
1548;6
1528;6
1491;6
1448;6
1381;6
1288;6
1163;6
980;6
785;6
628;6
504;6
404;6
324;6
260;6
209;6
168;6
135;6
109;6
88;6
71;6
58;6
47;6
38;6
31;6
26;6
22;6
18;6
15;6
13;6
11;6
10;6
9;6
8;6
7;6
6;6
6;6
6;6
5;6
5;6
5;6
5;6
4;6
4;6
4;6
4;6
4;6
4;6
4;6
4;6
4;6
4;6
4;6
4;6
4;6
4;6
4;6
4;6
4;6
4;6
4;6
4;6
4;6
4;6
4;6
4;6
4;6
4;6
4;6
4;6
4;6
4;6
4;6
4;6
4;6
4;6
4;6
4;6
4;6
4;6
4;6
4;6
4;6
4;6
4;6
4;6
4;6
4;6
4;6
4;6
4;6
4;6
4;6
4;6
4;6
4;6
4;6
4;6
4;6
4;6
4;6
4;6
4;6
4;6
4;6
4;6
4;6
4;6
4;6
4;6
4;6
4;6
4;6
4;6
4;6
4;6
4;6
4;6
4;6
4;6
4;6
4;6
4;6
4;6
4;6
4;6
4;6
4;6
4;6
4;6
4;6
4;6
4;6
4;6
4;6
4;6
4;6
4;6
4;6
4;6
4;6
4;6
4;6
4;6
4;6
4;6
4;6
4;6
4;6
4;6
4;6
4;6
4;6
4;6
4;6
4;6
4;6
4;6
4;6
4;6
4;6
4;6
4;6
4;6
4;6
4;6
703;6
1261;6
1702;6
2050;6
2327;6
2542;6
2710;6
2839;6
2937;6
3007;6
3065;6
3110;6
3146;6
3180;6
3220;6
3260;6
3296;6
3327;6
3369;6
3401;6
3425;6
3440;6
3453;6
3462;6
3469;6
3473;6
3470;6
3466;6
3460;6
3445;6
3423;6
3396;6
3338;6
3279;6
3211;6
3140;6
3071;6
3001;6
2938;6
2880;6
2824;6
2766;6
2706;6
2652;6
2597;6
2548;6
2497;6
2434;6
2386;6
2333;6
2282;6
2228;6
2175;6
2125;6
2097;6
2106;6
2141;6
2227;6
2293;6
2366;6
2436;6
2483;6
2517;6
2532;6
2545;6
2557;6
2553;6
2540;6
2533;6
2517;6
2496;6
2466;6
2437;6
2406;6
2370;6
2328;6
2294;6
2251;6
2206;6
2157;6
2094;6
2033;6
1960;6
1885;6
1802;6
1693;6
1562;6
1413;6
1234;6
988;6
791;6
634;6
508;6
407;6
326;6
262;6
210;6
169;6
136;6
110;6
89;6
72;6
58;6
47;6
39;6
32;6
26;6
22;6
18;6
15;6
13;6
11;6
10;6
9;6
8;6
7;6
6;6
6;6
6;6
5;6
5;6
5;6
5;6
4;6
4;6
4;6
4;6
4;6
4;6
4;6
4;6
54;6
145;6
309;6
478;6
629;6
811;6
880;6
705;6
564;6
452;6
363;6
291;6
234;6
188;6
151;6
122;6
98;6
79;6
64;6
52;6
43;6
35;6
29;6
24;6
20;6
17;6
14;6
12;6
10;6
9;6
8;6
7;6
7;6
6;6
6;6
5;6
5;6
5;6
5;6
5;6
4;6
4;6
4;6
4;6
4;6
4;6
4;6
4;6
4;6
4;6
4;6
4;6
4;6
4;6
4;6
4;6
4;6
4;6
4;6
4;6
4;6
4;6
4;6
4;6
4;6
4;6
4;6
4;6
4;6
4;6
4;6
4;6
4;6
4;6
4;6
4;6
4;6
4;6
4;6
4;6
