4005;39
3216;39
2585;39
2080;39
1676;39
1353;39
1094;39
887;39
722;39
590;39
484;39
399;39
331;39
277;39
234;39
199;39
171;39
149;39
131;39
117;39
105;39
96;39
89;39
83;39
79;39
75;39
72;39
70;39
68;39
66;39
65;39
64;39
63;39
63;39
62;39
62;39
61;39
61;39
61;39
61;39
61;39
60;39
60;39
60;39
852;39
1489;39
1998;39
2406;39
2731;39
2992;39
3201;39
3368;39
3501;39
3608;39
3693;39
3762;39
3816;39
3860;39
3895;39
3923;39
3869;39
3761;39
3558;39
3223;39
2817;39
2466;39
2162;39
1906;39
1681;39
1481;39
1308;39
1157;39
1024;39
903;39
788;39
679;39
581;39
488;39
400;39
332;39
277;39
234;39
199;39
171;39
149;39
131;39
117;39
106;39
96;39
89;39
83;39
79;39
75;39
72;39
70;39
68;39
66;39
65;39
64;39
63;39
63;39
62;39
62;39
61;39
61;39
61;39
61;39
61;39
60;39
60;39
60;39
60;39
60;39
60;39
60;39
60;39
60;39
60;39
60;39
60;39
60;39
60;39
60;39
60;39
60;39
60;39
60;39
60;39
60;39
60;39
60;39
60;39
60;39
60;39
60;39
60;39
60;39
60;39
60;39
60;39
60;39
60;39
60;39
60;39
60;39
60;39
60;39
60;39
60;39
60;39
60;39
60;39
60;39
60;39
60;39
60;39
60;39
60;39
60;39
60;39
60;39
60;39
60;39
60;39
60;39
60;39
60;39
60;39
60;39
60;39
60;39
60;39
60;39
60;39
60;39
60;39
60;39
60;39
60;39
60;39
60;39
60;39
60;39
60;39
60;39
60;39
60;39
60;39
60;39
60;39
60;39
60;39
60;39
60;39
60;39
60;39
60;39
60;39
60;39
60;39
60;39
60;39
60;39
60;39
60;39
60;39
60;39
60;39
60;39
60;39
60;39
60;39
60;39
60;39
60;39
60;39
60;39
60;39
60;39
60;39
60;39
60;39
60;39
60;39
60;39
60;39
60;39
60;39
60;39
60;39
60;39
60;39
60;39
60;39
60;39
60;39
60;39
60;39
60;39
60;39
60;39
60;39
60;39
60;39
60;39
60;39
60;39
60;39
60;39
60;39
60;39
60;39
60;39
60;39
60;39
60;39
60;39
60;39
60;39
60;39
60;39
60;39
60;39
60;39
60;39
607;39
1293;39
1841;39
2280;39
2631;39
2912;39
3136;39
3316;39
3460;39
3575;39
3667;39
3741;39
3799;39
3847;39
3884;39
3914;39
3939;39
3958;39
3973;39
3986;39
3995;39
4003;39
4010;39
4015;39
4019;39
4022;39
4025;39
4027;39
4028;39
4030;39
4031;39
4032;39
4032;39
4033;39
4033;39
4034;39
4034;39
4034;39
4034;39
4034;39
4035;39
4035;39
4035;39
4035;39
4035;39
4035;39
4035;39
4035;39
4035;39
4035;39
4035;39
4035;39
4035;39
4035;39
4035;39
4035;39
4035;39
4035;39
4035;39
4035;39
4035;39
4035;39
4035;39
4035;39
4035;39
4035;39
4035;39
4035;39
4035;39
4035;39
4035;39
4035;39
4035;39
4035;39
4035;39
4035;39
4035;39
4035;39
4035;39
4035;39
4035;39
4035;39
4035;39
4035;39
4035;39
4035;39
4035;39
4035;39
4035;39
4035;39
4035;39
4035;39
4035;39
4035;39
4035;39
4035;39
4035;39
4035;39
4035;39
4035;39
4035;39
4035;39
4035;39
4035;39
4035;39
4035;39
4035;39
4035;39
4035;39
4035;39
4035;39
4035;39
4035;39
4035;39
4035;39
4035;39
4035;39
4035;39
4035;39
4035;39
4035;39
4035;39
4035;39
4035;39
4035;39
4035;39
4035;39
4035;39
4035;39
4035;39
4035;39
4035;39
4035;39
4035;39
4035;39
4035;39
4035;39
4035;39
4035;39
4035;39
4035;39
4035;39
4035;39
4035;39
4035;39
4035;39
4035;39
4035;39
4035;39
4035;39
4035;39
4035;39
4035;39
4035;39
4035;39
4035;39
4035;39
4035;39
4035;39
4035;39
4035;39
4035;39
4035;39
4035;39
4035;39
4035;39
4035;39
4035;39
4035;39
4035;39
4035;39
4035;39
4035;39
4035;39
4035;39
4035;39
4035;39
4035;39
4035;39
4035;39
4035;39
4035;39
4035;39
4035;39
4035;39
4035;39
4035;39
4035;39
4035;39
4035;39
4035;39
4035;39
4035;39
4035;39
4035;39
4035;39
4035;39
4035;39
4035;39
4035;39
4035;39
4035;39
4035;39
4035;39
4035;39
4035;39
4035;39
4035;39
4035;39
4035;39
4035;39
4035;39
4035;39
4035;39
4035;39
4035;39
4035;39
4035;39
4035;39
4035;39
4035;39
4035;39
4035;39
4035;39
4035;39
4035;39
4035;39
4035;39
4035;39
4035;39
4035;39
4035;39
4035;39
4035;39
4035;39
4035;39
4035;39
4035;39
4035;39
4035;39
4035;39
4035;39
4035;39
4035;39
4035;39
4035;39
4035;39
4035;39
4035;39
4035;39
4035;39
4035;39
4035;39
4035;39
4035;39
4035;39
4035;39
4035;39
4035;39
4035;39
4035;39
4035;39
4035;39
4035;39
4035;39
4035;39
4035;39
4035;39
4035;39
4035;39
4035;39
4035;39
4035;39
4035;39
4035;39
4035;39
4035;39
4035;39
4035;39
4035;39
4035;39
4035;39
4035;39
4035;39
4035;39
4035;39
4035;39
4035;39
4035;39
4035;39
4035;39
4035;39
4035;39
4035;39
4035;39
4035;39
4035;39
4035;39
4035;39
4035;39
4035;39
4035;39
4035;39
4035;39
4035;39
4035;39
4035;39
4035;39
4035;39
4035;39
4035;39
4035;39
4035;39
4035;39
4035;39
4035;39
4035;39
4035;39
4035;39
4035;39
4035;39
4035;39
4035;39
4035;39
4035;39
4035;39
4035;39
4035;39
4035;39
4035;39
4035;39
4035;39
4035;39
4035;39
4035;39
4035;39
4035;39
4035;39
4035;39
4035;39
4035;39
4035;39
4035;39
4035;39
4035;39
4035;39
4035;39
4035;39
4035;39
4035;39
4035;39
4035;39
4035;39
4035;39
4035;39
4035;39
4035;39
4035;39
4035;39
4035;39
4035;39
4035;39
4035;39
4035;39
4035;39
4035;39
4035;39
4035;39
4035;39
4035;39
4035;39
4035;39
4035;39
4035;39
4035;39
4035;39
4035;39
4035;39
4035;39
4035;39
4035;39
4035;39
4035;39
4035;39
4035;39
4035;39
4035;39
4035;39
4035;39
4035;39
4035;39
4035;39
4035;39
4035;39
4035;39
4035;39
4035;39
4035;39
4035;39
4035;39
4035;39
4035;39
4035;39
4035;39
4035;39
4035;39
4035;39
4035;39
4035;39
4035;39
4035;39
4035;39
4035;39
4035;39
4035;39
4035;39
4035;39
4035;39
4035;39
4035;39
4035;39
4035;39
4035;39
4035;39
4035;39
4035;39
4035;39
4035;39
4035;39
4035;39
4035;39
4035;39
4035;39
4035;39
4035;39
4035;39
4035;39
4035;39
4035;39
4035;39
4035;39
4035;39
4035;39
4035;39
4035;39
4035;39
4035;39
4035;39
4035;39
4035;39
4035;39
4035;39
4035;39
4035;39
4035;39
4035;39
4035;39
4035;39
4035;39
4035;39
4035;39
4035;39
4035;39
4035;39
4035;39
4035;39
4035;39
4035;39
4035;39
4035;39
4035;39
4035;39
4035;39
4035;39
4035;39
4035;39
4035;39
4035;39
4035;39
4035;39
4035;39
4035;39
4035;39
4035;39
4035;39
4035;39
4035;39
4035;39
4035;39
4035;39
4035;39
4035;39
4035;39
4035;39
4035;39
4035;39
4035;39
4035;39
4035;39
4035;39
4035;39
4035;39
4035;39
4035;39
4035;39
4035;39
4035;39
4035;39
4035;39
4035;39
4035;39
4035;39
4035;39
4035;39
4035;39
4035;39
4035;39
4035;39
4035;39
4035;39
4035;39
4035;39
4035;39
4035;39
4035;39
4035;39
4035;39
4035;39
4035;39
4035;39
4035;39
4035;39
4035;39
4035;39
4035;39
4035;39
4035;39
4035;39
4035;39
4035;39
4035;39
4035;39
4035;39
4035;39
4035;39
4035;39
4035;39
4035;39
4035;39
4035;39
4035;39
4035;39
4035;39
4035;39
4035;39
4035;39
4035;39
4035;39
4035;39
4035;39
4035;39
4035;39
4035;39
4035;39
4035;39
4035;39
4035;39
4035;39
4035;39
4035;39
4035;39
4035;39
4035;39
4035;39
4035;39
4035;39
4035;39
4035;39
4035;39
4035;39
4035;39
4035;39
4035;39
4035;39
4035;39
4035;39
4035;39
4035;39
4035;39
4035;39
4035;39
4035;39
4035;39
4035;39
4035;39
4035;39
4035;39
4035;39
4035;39
4035;39
4035;39
4035;39
4035;39
4035;39
4035;39
4035;39
4035;39
4035;39
4035;39
4035;39
4035;39
4035;39
4035;39
4035;39
4035;39
4035;39
4035;39
4035;39
4035;39
4035;39
4035;39
4035;39
4035;39
4035;39
4035;39
4035;39
4035;39
4035;39
4035;39
4035;39
4035;39
4035;39
4035;39
4035;39
4035;39
4035;39
4035;39
4035;39
4035;39
4035;39
4035;39
4035;39
4035;39
4035;39
4035;39
4035;39
4035;39
4035;39
4035;39
4035;39
4035;39
4035;39
4035;39
4035;39
4035;39
4035;39
4035;39
4035;39
4035;39
4035;39
4035;39
4035;39
4035;39
4035;39
4035;39
4035;39
4035;39
4035;39
4035;39
4035;39
4035;39
4035;39
4035;39
4035;39
4035;39
4035;39
4035;39
4035;39
4035;39
4035;39
4035;39
4035;39
4035;39
4035;39
4035;39
4035;39
4035;39
4035;39
4035;39
4035;39
4035;39
4035;39
4035;39
4035;39
4035;39
4035;39
4035;39
4035;39
4035;39
4035;39
