4011;39
4016;39
4020;39
4023;39
4025;39
4027;39
4029;39
4030;39
4031;39
4032;39
4032;39
4033;39
4033;39
4034;39
4034;39
4034;39
4034;39
4034;39
4035;39
4035;39
4035;39
4035;39
4035;39
4035;39
4035;39
4035;39
4035;39
4035;39
4035;39
4035;39
4035;39
4035;39
4035;39
4035;39
4035;39
4035;39
4035;39
4035;39
4035;39
4035;39
4035;39
4035;39
4035;39
4035;39
4035;39
4035;39
4035;39
4035;39
4035;39
4035;39
4035;39
4035;39
4035;39
4035;39
4035;39
4035;39
4035;39
4035;39
4035;39
4035;39
4035;39
4035;39
4035;39
4035;39
4035;39
4035;39
4035;39
4035;39
4035;39
4035;39
4035;39
4035;39
4035;39
4035;39
4035;39
4035;39
3489;39
2803;39
2254;39
1816;39
1464;39
1184;39
959;39
779;39
635;39
520;39
428;39
355;39
296;39
249;39
211;39
181;39
157;39
137;39
122;39
109;39
100;39
92;39
85;39
80;39
76;39
73;39
70;39
68;39
67;39
65;39
64;39
63;39
63;39
62;39
62;39
61;39
61;39
61;39
61;39
61;39
60;39
60;39
60;39
60;39
60;39
60;39
60;39
60;39
60;39
60;39
60;39
60;39
60;39
60;39
60;39
60;39
60;39
60;39
60;39
60;39
60;39
60;39
60;39
60;39
60;39
60;39
60;39
60;39
60;39
60;39
60;39
60;39
60;39
60;39
60;39
60;39
60;39
60;39
60;39
60;39
60;39
60;39
60;39
60;39
60;39
60;39
60;39
60;39
60;39
60;39
60;39
60;39
60;39
60;39
60;39
60;39
60;39
60;39
60;39
60;39
60;39
60;39
60;39
60;39
60;39
60;39
60;39
60;39
60;39
60;39
60;39
60;39
60;39
60;39
60;39
60;39
60;39
60;39
60;39
60;39
60;39
60;39
60;39
60;39
60;39
60;39
60;39
60;39
60;39
60;39
60;39
60;39
60;39
60;39
60;39
60;39
60;39
60;39
60;39
60;39
60;39
60;39
60;39
60;39
60;39
60;39
60;39
60;39
60;39
60;39
60;39
60;39
60;39
60;39
60;39
60;39
60;39
60;39
60;39
60;39
60;39
60;39
60;39
60;39
60;39
60;39
60;39
60;39
60;39
60;39
60;39
60;39
60;39
60;39
60;39
60;39
60;39
60;39
60;39
60;39
60;39
60;39
60;39
60;39
187;39
957;39
1572;39
2065;39
2459;39
2774;39
3026;39
3228;39
3389;39
3519;39
3622;39
3704;39
3771;39
3823;39
3866;39
3900;39
3927;39
3948;39
3966;39
3980;39
3991;39
4000;39
4007;39
4012;39
4017;39
4020;39
4023;39
4026;39
4028;39
4029;39
4030;39
4031;39
4032;39
4033;39
4033;39
4033;39
4034;39
4034;39
4034;39
4034;39
4034;39
4035;39
4035;39
4035;39
4035;39
4035;39
4035;39
4035;39
4035;39
4035;39
4035;39
4035;39
4035;39
4035;39
4035;39
4035;39
4035;39
4035;39
4035;39
4035;39
4035;39
4035;39
4035;39
4035;39
4035;39
4035;39
4035;39
4035;39
4035;39
4035;39
4035;39
4035;39
4035;39
4035;39
4035;39
4035;39
4035;39
4035;39
4035;39
4035;39
4035;39
4035;39
4035;39
4035;39
4035;39
4035;39
4035;39
4035;39
4035;39
4035;39
4035;39
4035;39
4035;39
4035;39
4035;39
4035;39
4035;39
4035;39
4035;39
4035;39
4035;39
4035;39
4035;39
4035;39
4035;39
4035;39
4035;39
4035;39
4035;39
4035;39
4035;39
4035;39
4035;39
4035;39
4035;39
4035;39
4035;39
4035;39
4035;39
4035;39
4035;39
4035;39
4035;39
4035;39
4035;39
4035;39
4035;39
4035;39
4035;39
4035;39
4035;39
4035;39
4035;39
4035;39
4035;39
4035;39
4035;39
4035;39
4035;39
4035;39
4035;39
4035;39
4035;39
4035;39
4035;39
4035;39
4035;39
4035;39
4035;39
4035;39
4035;39
4035;39
4035;39
4035;39
4035;39
4035;39
4035;39
4035;39
4035;39
4035;39
4035;39
4035;39
4035;39
4035;39
4035;39
4035;39
4035;39
4035;39
4035;39
4035;39
4035;39
4035;39
4035;39
4035;39
4035;39
4035;39
4035;39
4035;39
4035;39
4035;39
4035;39
4035;39
4035;39
4035;39
4035;39
4035;39
4035;39
4035;39
4035;39
4035;39
4035;39
4035;39
4035;39
4035;39
4035;39
3710;39
2980;39
2396;39
1929;39
1555;39
1256;39
1017;39
825;39
672;39
550;39
452;39
373;39
311;39
261;39
221;39
188;39
163;39
142;39
126;39
113;39
102;39
94;39
87;39
82;39
77;39
74;39
71;39
69;39
67;39
66;39
65;39
64;39
63;39
62;39
62;39
61;39
61;39
61;39
61;39
61;39
60;39
60;39
60;39
60;39
60;39
60;39
60;39
60;39
60;39
60;39
60;39
60;39
60;39
60;39
60;39
60;39
60;39
60;39
60;39
60;39
60;39
60;39
60;39
60;39
60;39
60;39
60;39
60;39
60;39
60;39
60;39
60;39
60;39
60;39
60;39
60;39
60;39
60;39
60;39
60;39
60;39
60;39
60;39
60;39
60;39
60;39
60;39
60;39
60;39
60;39
60;39
60;39
60;39
60;39
60;39
60;39
60;39
60;39
60;39
60;39
60;39
60;39
60;39
60;39
60;39
60;39
60;39
60;39
60;39
60;39
330;39
1001;39
1607;39
2093;39
2481;39
2792;39
3041;39
3240;39
3399;39
3526;39
3628;39
3709;39
3774;39
3826;39
3868;39
3902;39
3928;39
3950;39
3967;39
3980;39
3991;39
4000;39
4007;39
4013;39
4017;39
4021;39
4024;39
4026;39
4028;39
4029;39
4030;39
4031;39
4032;39
4033;39
4033;39
4011;39
3221;39
2589;39
2083;39
1678;39
1355;39
1096;39
889;39
723;39
590;39
484;39
399;39
332;39
277;39
234;39
199;39
171;39
149;39
131;39
117;39
106;39
96;39
89;39
83;39
79;39
75;39
72;39
70;39
68;39
66;39
65;39
64;39
63;39
63;39
62;39
62;39
61;39
61;39
61;39
61;39
61;39
60;39
60;39
60;39
60;39
60;39
60;39
60;39
60;39
60;39
60;39
60;39
60;39
60;39
60;39
60;39
60;39
60;39
60;39
60;39
60;39
60;39
60;39
60;39
60;39
60;39
60;39
60;39
60;39
60;39
60;39
60;39
855;39
1491;39
2000;39
2407;39
2732;39
2993;39
3201;39
3368;39
3501;39
3608;39
3694;39
3762;39
3816;39
3860;39
3895;39
3923;39
3945;39
3963;39
3978;39
3989;39
3998;39
4006;39
4012;39
4016;39
4020;39
4023;39
4025;39
4027;39
4029;39
4030;39
4031;39
4032;39
4032;39
4033;39
4033;39
4034;39
4034;39
4034;39
4034;39
4034;39
4035;39
4035;39
4035;39
4035;39
3858;39
3098;39
2491;39
2004;39
1616;39
1304;39
1056;39
856;39
697;39
570;39
468;39
386;39
321;39
269;39
227;39
194;39
167;39
146;39
128;39
115;39
104;39
95;39
376;39
590;39
750;39
873;39
967;39
1036;39
1085;39
1114;39
1129;39
1134;39
1126;39
1112;39
1082;39
1046;39
1007;39
970;39
927;39
879;39
829;39
772;39
710;39
643;39
576;39
507;39
428;39
343;39
287;39
242;39
206;39
177;39
154;39
125;39
268;39
520;39
795;39
1185;39
1656;39
2131;39
2512;39
2816;39
3060;39
3255;39
3411;39
3535;39
3635;39
3715;39
3779;39
3830;39
3871;39
3903;39
3929;39
3950;39
3967;39
3980;39
3991;39
4000;39
4007;39
4012;39
4016;39
4020;39
4023;39
4025;39
4027;39
4028;39
4029;39
4030;39
4031;39
4032;39
4032;39
4032;39
4033;39
4033;39
4033;39
4033;39
4034;39
4034;39
4034;39
4034;39
4034;39
4034;39
4034;39
4034;39
4034;39
3983;39
3660;39
2940;39
2364;39
1904;39
1535;39
1240;39
1004;39
816;39
665;39
544;39
447;39
370;39
308;39
259;39
219;39
188;39
162;39
142;39
126;39
113;39
102;39
94;39
88;39
82;39
78;39
75;39
72;39
70;39
68;39
67;39
65;39
65;39
64;39
63;39
63;39
62;39
62;39
62;39
62;39
62;39
61;39
61;39
61;39
61;39
61;39
61;39
61;39
61;39
61;39
61;39
61;39
61;39
61;39
61;39
61;39
61;39
61;39
61;39
61;39
61;39
61;39
61;39
61;39
61;39
61;39
61;39
61;39
61;39
61;39
61;39
61;39
61;39
61;39
61;39
61;39
61;39
61;39
61;39
61;39
61;39
61;39
61;39
61;39
61;39
61;39
61;39
61;39
61;39
61;39
61;39
61;39
61;39
61;39
61;39
61;39
61;39
61;39
61;39
61;39
61;39
61;39
61;39
61;39
61;39
61;39
61;39
61;39
61;39
61;39
61;39
61;39
61;39
61;39
61;39
61;39
61;39
61;39
61;39
61;39
61;39
61;39
61;39
61;39
61;39
61;39
