4035;39
4035;39
4035;39
4035;39
4035;39
4035;39
4035;39
4035;39
4035;39
4035;39
4035;39
4035;39
4035;39
4035;39
4035;39
4035;39
4035;39
4035;39
4035;39
4035;39
4035;39
4035;39
4035;39
4035;39
4035;39
4035;39
4035;39
4035;39
4035;39
4035;39
4035;39
4035;39
4035;39
4035;39
4035;39
4035;39
4035;39
4035;39
4035;39
4035;39
4035;39
4035;39
3240;39
2604;39
2095;39
1688;39
1363;39
1102;39
894;39
727;39
594;39
487;39
401;39
333;39
279;39
235;39
200;39
172;39
150;39
132;39
117;39
106;39
97;39
89;39
83;39
79;39
75;39
72;39
70;39
68;39
66;39
65;39
64;39
63;39
63;39
62;39
62;39
61;39
61;39
61;39
61;39
61;39
60;39
60;39
60;39
60;39
60;39
60;39
60;39
60;39
60;39
60;39
60;39
60;39
372;39
612;39
795;39
933;39
1029;39
1100;39
1151;39
1182;39
1198;39
1201;39
1199;39
1184;39
1165;39
1138;39
1107;39
1069;39
1028;39
985;39
933;39
878;39
821;39
762;39
688;39
615;39
534;39
450;39
362;39
301;39
253;39
214;39
184;39
159;39
139;39
123;39
111;39
100;39
92;39
86;39
81;39
77;39
73;39
71;39
68;39
67;39
65;39
64;39
63;39
63;39
62;39
62;39
61;39
61;39
61;39
61;39
61;39
60;39
60;39
60;39
60;39
60;39
60;39
60;39
60;39
60;39
60;39
60;39
60;39
60;39
60;39
60;39
60;39
60;39
60;39
60;39
60;39
60;39
60;39
60;39
60;39
60;39
60;39
60;39
60;39
60;39
60;39
60;39
60;39
60;39
60;39
60;39
60;39
60;39
60;39
60;39
60;39
60;39
60;39
60;39
60;39
60;39
60;39
60;39
60;39
60;39
60;39
60;39
60;39
60;39
60;39
60;39
60;39
60;39
60;39
60;39
60;39
60;39
60;39
60;39
60;39
60;39
60;39
60;39
60;39
60;39
60;39
60;39
60;39
60;39
60;39
60;39
60;39
60;39
60;39
60;39
60;39
60;39
60;39
60;39
60;39
60;39
60;39
60;39
60;39
60;39
60;39
60;39
60;39
60;39
60;39
60;39
60;39
60;39
60;39
60;39
60;39
60;39
60;39
60;39
60;39
60;39
60;39
60;39
60;39
60;39
60;39
60;39
60;39
60;39
60;39
60;39
60;39
60;39
60;39
60;39
60;39
60;39
60;39
60;39
60;39
60;39
60;39
60;39
60;39
60;39
60;39
60;39
60;39
60;39
60;39
60;39
60;39
60;39
60;39
60;39
60;39
60;39
60;39
60;39
60;39
60;39
60;39
60;39
60;39
60;39
60;39
60;39
60;39
60;39
60;39
60;39
60;39
60;39
60;39
60;39
60;39
60;39
60;39
60;39
60;39
60;39
60;39
60;39
60;39
87;39
876;39
1508;39
2014;39
2418;39
2741;39
3000;39
3207;39
3373;39
3505;39
3611;39
3696;39
3764;39
3818;39
3861;39
3896;39
3924;39
3946;39
3964;39
3978;39
3989;39
3999;39
4006;39
4012;39
4016;39
4020;39
4023;39
4025;39
4027;39
4029;39
4030;39
4031;39
4032;39
4032;39
4033;39
4033;39
4034;39
4034;39
3239;39
2603;39
2095;39
1688;39
1362;39
1102;39
893;39
727;39
593;39
487;39
401;39
333;39
278;39
235;39
200;39
172;39
149;39
132;39
117;39
106;39
97;39
89;39
83;39
79;39
75;39
72;39
70;39
68;39
66;39
65;39
64;39
63;39
63;39
62;39
62;39
61;39
61;39
61;39
61;39
61;39
60;39
60;39
60;39
60;39
60;39
60;39
60;39
60;39
60;39
60;39
60;39
60;39
60;39
60;39
60;39
60;39
60;39
60;39
60;39
60;39
60;39
60;39
60;39
365;39
605;39
798;39
952;39
1069;39
1166;39
1337;39
1668;39
2026;39
2428;39
2749;39
3007;39
3212;39
3377;39
3508;39
3614;39
3698;39
3765;39
3819;39
3862;39
3897;39
3925;39
3947;39
3964;39
3978;39
3990;39
3999;39
4006;39
4012;39
4016;39
4020;39
4023;39
4026;39
4027;39
4029;39
4030;39
4031;39
4032;39
4033;39
4033;39
4033;39
4034;39
4034;39
4034;39
4034;39
4034;39
4035;39
4035;39
4035;39
4035;39
4035;39
4035;39
4035;39
4035;39
4035;39
4035;39
4035;39
4035;39
3995;39
3473;39
2791;39
2244;39
1808;39
1458;39
1178;39
955;39
776;39
633;39
518;39
426;39
353;39
295;39
248;39
210;39
180;39
156;39
137;39
121;39
109;39
99;39
91;39
85;39
80;39
76;39
73;39
70;39
68;39
67;39
65;39
64;39
63;39
63;39
62;39
62;39
61;39
61;39
61;39
61;39
61;39
60;39
60;39
60;39
60;39
60;39
60;39
60;39
60;39
60;39
60;39
60;39
60;39
60;39
60;39
60;39
60;39
60;39
60;39
60;39
60;39
60;39
60;39
60;39
60;39
60;39
60;39
60;39
60;39
60;39
60;39
60;39
60;39
60;39
60;39
394;39
1122;39
1705;39
2171;39
2544;39
2842;39
3081;39
3271;39
3424;39
3546;39
3644;39
3722;39
3785;39
3835;39
3875;39
3907;39
3933;39
3953;39
3969;39
3983;39
3993;39
4001;39
4008;39
4014;39
4018;39
4021;39
4024;39
4026;39
4028;39
4029;39
4030;39
4031;39
4032;39
4033;39
4033;39
4034;39
4034;39
4034;39
4034;39
4034;39
4035;39
4035;39
4035;39
4035;39
4035;39
4035;39
4035;39
4035;39
4035;39
4035;39
4035;39
4035;39
4035;39
4035;39
4035;39
4035;39
4035;39
4035;39
4035;39
4035;39
4035;39
4035;39
4035;39
4035;39
4035;39
4035;39
4035;39
4035;39
4035;39
4035;39
4035;39
4035;39
4035;39
4035;39
4035;39
4035;39
4035;39
4035;39
4035;39
4035;39
4035;39
4035;39
4035;39
4035;39
4035;39
4035;39
4035;39
4035;39
4035;39
4035;39
4035;39
4035;39
4035;39
4035;39
4035;39
4035;39
4035;39
4035;39
4035;39
4035;39
4035;39
4035;39
4035;39
4035;39
4035;39
4035;39
4035;39
4035;39
4035;39
4035;39
4035;39
4035;39
4035;39
4035;39
4035;39
4035;39
4035;39
4035;39
4035;39
4035;39
4035;39
4035;39
4035;39
4035;39
4035;39
4035;39
4035;39
4035;39
4035;39
4035;39
4035;39
4035;39
4035;39
4035;39
4035;39
4035;39
4035;39
4035;39
4035;39
4035;39
4035;39
4035;39
4035;39
4035;39
4035;39
4035;39
4035;39
4035;39
4035;39
4035;39
4035;39
4035;39
4035;39
4035;39
4035;39
4035;39
4035;39
4035;39
4035;39
4035;39
4035;39
4035;39
4035;39
4035;39
4035;39
4035;39
4035;39
4035;39
4035;39
4035;39
4035;39
4035;39
4035;39
4035;39
4035;39
4035;39
4035;39
4035;39
4035;39
4035;39
4035;39
4035;39
4035;39
4035;39
4035;39
4035;39
4035;39
4035;39
4035;39
4035;39
4035;39
4035;39
4035;39
4035;39
4035;39
4035;39
4035;39
4035;39
4035;39
4035;39
4035;39
4035;39
4035;39
4035;39
4035;39
4035;39
4035;39
4035;39
4035;39
4035;39
4035;39
4035;39
4035;39
4035;39
4035;39
4035;39
4035;39
4035;39
4035;39
4035;39
4035;39
4035;39
4035;39
4035;39
4035;39
4035;39
4035;39
4035;39
4035;39
4035;39
4035;39
4035;39
4035;39
4035;39
4035;39
4035;39
4035;39
4035;39
4035;39
4035;39
4035;39
4035;39
4035;39
4035;39
4035;39
4035;39
4035;39
4035;39
4035;39
4035;39
4035;39
4035;39
4035;39
4035;39
4035;39
4035;39
4035;39
4035;39
4035;39
4035;39
4035;39
4035;39
4035;39
4035;39
3878;39
3426;39
2757;39
2217;39
1786;39
1441;39
1165;39
944;39
767;39
626;39
512;39
422;39
350;39
292;39
245;39
208;39
179;39
155;39
136;39
121;39
109;39
99;39
91;39
85;39
80;39
76;39
73;39
70;39
68;39
67;39
65;39
64;39
63;39
63;39
62;39
62;39
61;39
61;39
61;39
61;39
61;39
60;39
60;39
60;39
60;39
60;39
60;39
60;39
60;39
60;39
60;39
60;39
60;39
60;39
60;39
60;39
60;39
60;39
60;39
60;39
60;39
60;39
60;39
60;39
60;39
60;39
60;39
60;39
60;39
60;39
60;39
60;39
60;39
60;39
60;39
60;39
60;39
60;39
60;39
60;39
60;39
60;39
60;39
