60;39
60;39
60;39
60;39
60;39
60;39
60;39
60;39
60;39
60;39
60;39
60;39
60;39
60;39
60;39
60;39
60;39
60;39
60;39
60;39
60;39
60;39
60;39
60;39
60;39
60;39
60;39
60;39
60;39
60;39
60;39
60;39
60;39
60;39
60;39
60;39
60;39
60;39
60;39
60;39
60;39
60;39
60;39
60;39
60;39
60;39
60;39
60;39
60;39
60;39
60;39
60;39
60;39
60;39
60;39
60;39
60;39
60;39
60;39
60;39
60;39
60;39
60;39
60;39
60;39
60;39
60;39
60;39
60;39
60;39
60;39
60;39
60;39
60;39
60;39
60;39
60;39
60;39
60;39
60;39
60;39
60;39
60;39
60;39
60;39
60;39
60;39
60;39
60;39
60;39
60;39
60;39
60;39
60;39
60;39
60;39
60;39
60;39
60;39
60;39
60;39
60;39
60;39
60;39
60;39
60;39
60;39
60;39
60;39
60;39
60;39
60;39
60;39
60;39
60;39
60;39
60;39
60;39
60;39
60;39
60;39
60;39
60;39
60;39
60;39
60;39
60;39
60;39
60;39
60;39
60;39
60;39
60;39
60;39
60;39
60;39
60;39
60;39
60;39
60;39
60;39
60;39
60;39
60;39
60;39
60;39
60;39
60;39
60;39
60;39
60;39
60;39
60;39
60;39
60;39
60;39
60;39
60;39
60;39
60;39
60;39
60;39
60;39
60;39
60;39
60;39
60;39
60;39
60;39
60;39
60;39
60;39
60;39
60;39
60;39
60;39
60;39
60;39
60;39
60;39
60;39
60;39
60;39
60;39
60;39
60;39
60;39
60;39
60;39
60;39
60;39
60;39
60;39
60;39
363;39
602;39
787;39
926;39
1030;39
1107;39
1160;39
1196;39
1212;39
1218;39
1215;39
1203;39
1184;39
1164;39
1137;39
1106;39
1071;39
1031;39
991;39
946;39
918;39
890;39
895;39
931;39
997;39
1079;39
1171;39
1306;39
1470;39
1682;39
1926;39
2147;39
2338;39
2500;39
2670;39
2827;39
2956;39
3063;39
3156;39
3235;39
3394;39
3522;39
3624;39
3707;39
3772;39
3825;39
3867;39
3900;39
3927;39
3949;39
3966;39
3980;39
3991;39
4000;39
4007;39
4012;39
4017;39
4021;39
4023;39
4026;39
4028;39
4029;39
4030;39
4031;39
4032;39
4033;39
4033;39
4033;39
4034;39
4034;39
4034;39
4034;39
4034;39
4035;39
4035;39
4035;39
4035;39
4035;39
4035;39
4035;39
4035;39
4035;39
4035;39
4035;39
4035;39
4035;39
4035;39
4035;39
4035;39
4035;39
4035;39
4035;39
4035;39
4035;39
4035;39
4035;39
4035;39
4035;39
4035;39
4035;39
4035;39
4035;39
4035;39
4035;39
4035;39
4035;39
4035;39
4035;39
4035;39
4035;39
4035;39
4035;39
4035;39
4035;39
4035;39
4035;39
4035;39
4035;39
4035;39
4035;39
4035;39
4035;39
4035;39
4035;39
4035;39
4035;39
4035;39
4035;39
4035;39
4035;39
4035;39
4035;39
4035;39
4035;39
4035;39
4035;39
4035;39
4035;39
4035;39
4035;39
4035;39
4035;39
4035;39
4035;39
4035;39
4035;39
4035;39
4035;39
4035;39
4035;39
4035;39
4035;39
4035;39
4035;39
4035;39
4035;39
4035;39
4035;39
4035;39
4035;39
4035;39
4035;39
4035;39
4035;39
4035;39
4035;39
4035;39
4035;39
4035;39
4035;39
4035;39
4035;39
4035;39
4035;39
4035;39
4035;39
4035;39
4035;39
4035;39
4035;39
4035;39
4035;39
4035;39
4035;39
4035;39
4035;39
4035;39
4035;39
4035;39
4035;39
4035;39
4035;39
4035;39
4035;39
4035;39
4035;39
4035;39
4035;39
4035;39
4035;39
4035;39
4035;39
4035;39
4035;39
4035;39
4035;39
4035;39
4035;39
4035;39
4035;39
4035;39
4035;39
4035;39
4035;39
4035;39
4035;39
4035;39
4035;39
4035;39
4035;39
4035;39
4035;39
4035;39
4035;39
4035;39
4035;39
4035;39
4035;39
4035;39
4035;39
4035;39
4035;39
4035;39
4035;39
4035;39
4035;39
4035;39
4035;39
4035;39
4035;39
4035;39
4035;39
4035;39
4035;39
4035;39
4035;39
4035;39
4035;39
4035;39
4035;39
4035;39
4035;39
4035;39
4035;39
4035;39
4035;39
4035;39
4035;39
4035;39
4035;39
4035;39
4035;39
4035;39
4035;39
4035;39
4035;39
4035;39
4035;39
4035;39
4035;39
4035;39
4035;39
4035;39
4035;39
4035;39
4035;39
4035;39
4035;39
4035;39
4035;39
4035;39
4035;39
4035;39
4035;39
4035;39
4035;39
4035;39
4035;39
4035;39
4035;39
4035;39
4035;39
4035;39
4035;39
4035;39
4035;39
4035;39
4035;39
4035;39
4035;39
4035;39
4035;39
4035;39
4035;39
4035;39
4035;39
4035;39
4035;39
4035;39
4035;39
4035;39
4035;39
4035;39
4035;39
4035;39
4035;39
4035;39
4035;39
4035;39
4035;39
4035;39
4035;39
4035;39
4035;39
4035;39
4035;39
4035;39
4035;39
4035;39
4035;39
4035;39
4035;39
4035;39
4035;39
4035;39
4035;39
4035;39
4035;39
4035;39
4035;39
4035;39
4035;39
4035;39
4035;39
4035;39
4035;39
4035;39
4035;39
4035;39
4035;39
4035;39
4035;39
4035;39
4035;39
4035;39
4035;39
4035;39
4035;39
4035;39
4035;39
4035;39
4035;39
4035;39
4035;39
4035;39
4035;39
4035;39
4035;39
4035;39
4035;39
4035;39
4035;39
4035;39
4035;39
4035;39
4035;39
4035;39
4035;39
4035;39
4035;39
4035;39
4035;39
4035;39
4035;39
4035;39
4035;39
4035;39
4035;39
4035;39
4035;39
4035;39
4035;39
4035;39
4035;39
4035;39
4035;39
4035;39
4035;39
4035;39
4035;39
4035;39
4035;39
4035;39
4035;39
4035;39
4035;39
4035;39
4035;39
4035;39
4035;39
4035;39
4035;39
4035;39
4035;39
4035;39
4035;39
4035;39
4035;39
4035;39
4035;39
4035;39
4035;39
4035;39
4035;39
4035;39
4035;39
4035;39
4035;39
4035;39
4035;39
4035;39
4035;39
4035;39
4035;39
4035;39
4035;39
4035;39
4035;39
4035;39
4035;39
4035;39
4035;39
4035;39
4035;39
4035;39
4035;39
4035;39
4035;39
4035;39
4035;39
4035;39
4035;39
4035;39
4035;39
4035;39
4035;39
4035;39
4035;39
4035;39
4035;39
4035;39
4035;39
4035;39
4035;39
4035;39
4035;39
4035;39
4035;39
4035;39
4035;39
4035;39
4035;39
4035;39
4035;39
4035;39
4035;39
4035;39
4035;39
4035;39
4035;39
4035;39
4035;39
4035;39
4035;39
4035;39
4035;39
4035;39
4035;39
4035;39
4035;39
4035;39
4035;39
4035;39
4035;39
4035;39
4035;39
4035;39
4035;39
4035;39
4035;39
4035;39
4035;39
4035;39
4035;39
4035;39
4035;39
4035;39
4035;39
4035;39
4035;39
4035;39
4035;39
4035;39
4035;39
4035;39
4035;39
4035;39
4035;39
4035;39
4035;39
4035;39
4035;39
4035;39
4035;39
4035;39
4035;39
4035;39
4035;39
4035;39
4035;39
4035;39
4035;39
4035;39
4035;39
4035;39
4035;39
4035;39
4035;39
4035;39
4035;39
4035;39
4035;39
4035;39
4035;39
4035;39
4035;39
4035;39
4035;39
4035;39
4035;39
4035;39
4035;39
4035;39
4035;39
3431;39
2756;39
2217;39
1786;39
1441;39
1164;39
944;39
767;39
625;39
512;39
422;39
350;39
292;39
245;39
208;39
179;39
155;39
136;39
121;39
109;39
99;39
91;39
85;39
80;39
76;39
73;39
70;39
68;39
67;39
65;39
64;39
63;39
63;39
62;39
62;39
61;39
61;39
61;39
61;39
61;39
60;39
60;39
60;39
60;39
60;39
60;39
60;39
60;39
60;39
60;39
60;39
60;39
60;39
60;39
60;39
60;39
60;39
60;39
60;39
60;39
60;39
60;39
60;39
60;39
60;39
60;39
60;39
60;39
60;39
60;39
60;39
60;39
60;39
60;39
60;39
60;39
60;39
60;39
60;39
60;39
60;39
60;39
60;39
60;39
60;39
60;39
60;39
60;39
60;39
60;39
60;39
60;39
60;39
60;39
60;39
60;39
60;39
60;39
60;39
60;39
60;39
60;39
60;39
60;39
60;39
60;39
60;39
60;39
60;39
60;39
60;39
60;39
60;39
60;39
60;39
60;39
60;39
60;39
60;39
60;39
60;39
60;39
60;39
60;39
60;39
60;39
60;39
60;39
60;39
60;39
60;39
60;39
60;39
60;39
60;39
60;39
60;39
60;39
60;39
60;39
60;39
60;39
60;39
60;39
60;39
60;39
60;39
60;39
60;39
60;39
60;39
60;39
60;39
60;39
60;39
60;39
60;39
60;39
60;39
60;39
60;39
