60;39
60;39
60;39
60;39
60;39
60;39
60;39
60;39
60;39
60;39
60;39
60;39
60;39
60;39
60;39
60;39
60;39
60;39
60;39
60;39
60;39
60;39
60;39
60;39
60;39
60;39
60;39
60;39
60;39
60;39
60;39
60;39
60;39
60;39
60;39
60;39
60;39
60;39
60;39
60;39
60;39
60;39
60;39
60;39
60;39
60;39
60;39
60;39
60;39
60;39
60;39
60;39
60;39
60;39
60;39
60;39
60;39
60;39
60;39
60;39
60;39
60;39
60;39
60;39
60;39
60;39
60;39
60;39
60;39
60;39
60;39
60;39
60;39
60;39
60;39
60;39
60;39
60;39
60;39
60;39
60;39
60;39
60;39
412;39
684;39
893;39
1049;39
1167;39
1249;39
1304;39
1338;39
1351;39
1353;39
1342;39
1322;39
1297;39
1264;39
1230;39
1190;39
1145;39
1095;39
1044;39
991;39
929;39
864;39
793;39
716;39
636;39
552;39
456;39
377;39
313;39
263;39
222;39
190;39
164;39
143;39
126;39
113;39
103;39
94;39
87;39
82;39
77;39
74;39
71;39
69;39
67;39
66;39
65;39
64;39
63;39
62;39
62;39
61;39
61;39
61;39
61;39
61;39
60;39
60;39
60;39
60;39
60;39
60;39
60;39
60;39
60;39
60;39
60;39
60;39
60;39
60;39
60;39
60;39
60;39
60;39
60;39
60;39
60;39
60;39
60;39
60;39
60;39
60;39
60;39
60;39
60;39
60;39
60;39
60;39
60;39
60;39
60;39
60;39
60;39
60;39
60;39
60;39
60;39
60;39
60;39
60;39
60;39
60;39
60;39
60;39
60;39
60;39
60;39
60;39
60;39
60;39
60;39
60;39
60;39
60;39
60;39
60;39
60;39
60;39
60;39
60;39
60;39
60;39
60;39
60;39
60;39
60;39
60;39
60;39
60;39
60;39
60;39
60;39
60;39
60;39
60;39
60;39
60;39
60;39
60;39
60;39
60;39
60;39
60;39
271;39
464;39
708;39
925;39
1108;39
1264;39
1311;39
1352;39
1416;39
1482;39
1548;39
1578;39
1478;39
1195;39
968;39
786;39
641;39
525;39
432;39
357;39
298;39
250;39
212;39
182;39
157;39
138;39
122;39
110;39
100;39
92;39
86;39
80;39
76;39
73;39
70;39
68;39
67;39
65;39
64;39
63;39
63;39
62;39
62;39
61;39
61;39
61;39
61;39
61;39
60;39
60;39
60;39
60;39
60;39
60;39
60;39
60;39
60;39
60;39
60;39
60;39
60;39
60;39
60;39
60;39
60;39
60;39
60;39
60;39
60;39
60;39
60;39
60;39
60;39
60;39
60;39
60;39
60;39
60;39
60;39
60;39
60;39
60;39
60;39
60;39
60;39
60;39
60;39
60;39
60;39
60;39
60;39
60;39
60;39
60;39
60;39
60;39
60;39
60;39
60;39
60;39
60;39
60;39
60;39
60;39
60;39
60;39
60;39
60;39
60;39
60;39
60;39
60;39
60;39
60;39
60;39
60;39
60;39
60;39
60;39
60;39
60;39
60;39
60;39
60;39
60;39
60;39
60;39
60;39
60;39
60;39
60;39
60;39
60;39
753;39
1304;39
1749;39
2105;39
2389;39
2616;39
2795;39
2936;39
3047;39
3134;39
3200;39
3252;39
3289;39
3319;39
3339;39
3350;39
3355;39
3355;39
3347;39
3323;39
3293;39
3261;39
3224;39
3181;39
3128;39
3065;39
3002;39
2928;39
2851;39
2766;39
2684;39
2607;39
2530;39
2455;39
2378;39
2301;39
2232;39
2167;39
2102;39
2038;39
1968;39
1906;39
1842;39
1782;39
1721;39
1659;39
1598;39
1547;39
1486;39
1424;39
1364;39
1304;39
1242;39
1178;39
1120;39
1062;39
1054;39
1160;39
1265;39
1388;39
1492;39
1560;39
1614;39
1646;39
1662;39
1676;39
1695;39
1704;39
1716;39
1720;39
1716;39
1712;39
1710;39
1706;39
1691;39
1666;39
1636;39
1596;39
1541;39
1458;39
1334;39
1168;39
946;39
769;39
627;39
514;39
423;39
350;39
292;39
246;39
209;39
179;39
155;39
136;39
121;39
109;39
99;39
91;39
85;39
80;39
76;39
73;39
70;39
68;39
67;39
65;39
64;39
63;39
63;39
62;39
62;39
61;39
61;39
61;39
61;39
61;39
60;39
60;39
60;39
60;39
60;39
60;39
60;39
60;39
60;39
60;39
60;39
60;39
60;39
60;39
60;39
60;39
60;39
60;39
60;39
60;39
60;39
60;39
60;39
60;39
60;39
60;39
60;39
60;39
60;39
60;39
60;39
60;39
60;39
60;39
60;39
60;39
60;39
60;39
60;39
60;39
60;39
60;39
60;39
60;39
60;39
60;39
60;39
60;39
60;39
60;39
60;39
60;39
60;39
60;39
60;39
60;39
60;39
60;39
60;39
60;39
60;39
60;39
60;39
60;39
60;39
60;39
60;39
60;39
60;39
60;39
60;39
60;39
60;39
60;39
60;39
60;39
60;39
60;39
60;39
60;39
60;39
60;39
60;39
60;39
60;39
60;39
60;39
60;39
60;39
60;39
60;39
60;39
60;39
60;39
60;39
60;39
60;39
60;39
60;39
60;39
60;39
60;39
60;39
60;39
60;39
60;39
60;39
60;39
60;39
60;39
60;39
60;39
60;39
60;39
60;39
60;39
60;39
60;39
60;39
60;39
60;39
60;39
60;39
60;39
60;39
60;39
60;39
60;39
60;39
60;39
60;39
60;39
60;39
60;39
60;39
60;39
60;39
60;39
60;39
60;39
60;39
60;39
60;39
60;39
60;39
60;39
60;39
60;39
60;39
60;39
60;39
60;39
60;39
60;39
276;39
948;39
1488;39
1921;39
2262;39
2531;39
2742;39
2908;39
3034;39
3119;39
3171;39
3191;39
3184;39
3160;39
3121;39
3072;39
3018;39
2962;39
2902;39
2840;39
2779;39
2713;39
2646;39
2572;39
2503;39
2434;39
2368;39
2307;39
2252;39
2188;39
2122;39
2048;39
1981;39
1913;39
1845;39
1779;39
1718;39
1650;39
1580;39
1511;39
1437;39
1369;39
1302;39
1250;39
1252;39
1279;39
1313;39
1355;39
1395;39
1454;39
1515;39
1575;39
1628;39
1685;39
1739;39
1801;39
1880;39
1945;39
2008;39
2052;39
2097;39
2123;39
2148;39
2165;39
2177;39
2178;39
2167;39
2145;39
2110;39
2060;39
2002;39
1932;39
1841;39
1731;39
1592;39
1411;39
1144;39
927;39
754;39
615;39
504;39
415;39
344;39
287;39
242;39
206;39
176;39
153;39
135;39
120;39
108;39
98;39
91;39
84;39
80;39
76;39
73;39
70;39
68;39
66;39
65;39
64;39
63;39
63;39
62;39
62;39
61;39
61;39
61;39
61;39
61;39
60;39
60;39
60;39
60;39
60;39
60;39
60;39
60;39
60;39
60;39
60;39
60;39
60;39
60;39
60;39
60;39
60;39
60;39
60;39
60;39
60;39
60;39
60;39
60;39
60;39
60;39
60;39
60;39
60;39
60;39
60;39
60;39
60;39
60;39
60;39
60;39
60;39
60;39
60;39
60;39
60;39
60;39
60;39
60;39
60;39
60;39
60;39
60;39
60;39
60;39
60;39
60;39
60;39
60;39
60;39
60;39
60;39
60;39
60;39
60;39
60;39
60;39
