72;39
70;39
69;39
67;39
66;39
65;39
65;39
64;39
64;39
63;39
63;39
63;39
63;39
63;39
62;39
62;39
62;39
62;39
62;39
62;39
62;39
62;39
62;39
62;39
62;39
62;39
62;39
62;39
62;39
62;39
62;39
62;39
62;39
62;39
62;39
62;39
62;39
62;39
62;39
62;39
62;39
62;39
62;39
62;39
62;39
62;39
62;39
62;39
62;39
62;39
62;39
62;39
62;39
62;39
62;39
62;39
62;39
62;39
62;39
62;39
62;39
62;39
62;39
62;39
62;39
62;39
62;39
62;39
62;39
62;39
62;39
62;39
62;39
62;39
62;39
62;39
62;39
62;39
62;39
62;39
62;39
62;39
62;39
62;39
62;39
62;39
62;39
62;39
62;39
62;39
62;39
62;39
62;39
62;39
62;39
62;39
62;39
62;39
62;39
62;39
62;39
62;39
62;39
62;39
62;39
62;39
62;39
62;39
62;39
62;39
62;39
62;39
62;39
62;39
62;39
62;39
62;39
62;39
62;39
62;39
62;39
62;39
62;39
62;39
62;39
62;39
62;39
62;39
62;39
62;39
62;39
62;39
62;39
62;39
62;39
62;39
62;39
62;39
62;39
62;39
62;39
62;39
62;39
62;39
62;39
62;39
62;39
62;39
62;39
62;39
62;39
62;39
62;39
62;39
62;39
62;39
62;39
62;39
62;39
62;39
62;39
62;39
62;39
62;39
62;39
62;39
62;39
62;39
62;39
62;39
62;39
62;39
62;39
62;39
62;39
62;39
62;39
62;39
62;39
62;39
62;39
62;39
62;39
62;39
62;39
62;39
62;39
62;39
62;39
62;39
62;39
62;39
62;39
62;39
62;39
62;39
62;39
62;39
62;39
62;39
62;39
62;39
62;39
62;39
62;39
62;39
62;39
62;39
62;39
62;39
62;39
62;39
62;39
62;39
62;39
62;39
62;39
62;39
62;39
62;39
62;39
62;39
62;39
62;39
62;39
62;39
62;39
62;39
62;39
62;39
62;39
62;39
62;39
62;39
62;39
62;39
62;39
62;39
62;39
62;39
62;39
62;39
62;39
62;39
62;39
62;39
62;39
856;39
1492;39
2000;39
2406;39
2732;39
2992;39
3200;39
3367;39
3500;39
3607;39
3692;39
3760;39
3815;39
3858;39
3893;39
3921;39
3944;39
3961;39
3976;39
3987;39
3996;39
4004;39
4010;39
4014;39
4018;39
4021;39
4023;39
4025;39
4027;39
4028;39
4029;39
4030;39
4030;39
4031;39
4031;39
4032;39
4032;39
4032;39
4032;39
4032;39
4033;39
4033;39
4033;39
4033;39
4033;39
4033;39
4033;39
4033;39
4033;39
4033;39
4033;39
4033;39
4033;39
4033;39
4033;39
4033;39
4033;39
4033;39
4033;39
4033;39
4033;39
4033;39
4033;39
4033;39
4033;39
4033;39
4033;39
4033;39
4033;39
4033;39
4033;39
4033;39
4033;39
4033;39
4033;39
4033;39
4033;39
4033;39
4033;39
4033;39
4033;39
4033;39
4033;39
4033;39
4033;39
4033;39
4033;39
4033;39
4033;39
4033;39
4033;39
4033;39
4033;39
4033;39
4033;39
4033;39
4033;39
4033;39
4033;39
4033;39
4033;39
4033;39
4033;39
4033;39
4033;39
4033;39
4033;39
4033;39
4033;39
4033;39
4033;39
4033;39
4033;39
4033;39
4033;39
4033;39
4033;39
4033;39
4033;39
4033;39
4033;39
4033;39
4033;39
4033;39
4033;39
4033;39
4033;39
4033;39
4033;39
4033;39
4033;39
4033;39
4033;39
4033;39
4033;39
4033;39
4033;39
4033;39
4033;39
4033;39
4033;39
4033;39
4033;39
4033;39
4033;39
4033;39
4033;39
4033;39
4033;39
4033;39
4033;39
4033;39
4033;39
4033;39
4033;39
4033;39
4033;39
4033;39
4033;39
4033;39
4033;39
4033;39
4033;39
4033;39
4033;39
4033;39
4033;39
4033;39
4033;39
4033;39
4033;39
4033;39
4033;39
4033;39
4033;39
4033;39
4033;39
4033;39
4033;39
4033;39
4033;39
4033;39
4033;39
4033;39
4033;39
4033;39
4033;39
4033;39
4033;39
4033;39
4033;39
4033;39
4033;39
4033;39
4033;39
4033;39
4033;39
4033;39
4033;39
4033;39
4033;39
4033;39
4033;39
4033;39
4033;39
4033;39
4033;39
4033;39
4033;39
4033;39
4033;39
4033;39
4033;39
4033;39
4033;39
4033;39
4033;39
4033;39
4033;39
4033;39
4033;39
4033;39
4033;39
4033;39
4033;39
4033;39
4033;39
4033;39
4033;39
4033;39
4033;39
4033;39
4033;39
4033;39
4033;39
4033;39
4033;39
4033;39
4033;39
4033;39
4033;39
4033;39
4033;39
4033;39
4033;39
4033;39
4033;39
4033;39
4033;39
4033;39
4033;39
4033;39
4033;39
4033;39
4033;39
4033;39
4033;39
4033;39
4033;39
4033;39
4033;39
4033;39
4033;39
4033;39
4033;39
4033;39
4033;39
4033;39
4033;39
4033;39
4033;39
4033;39
4033;39
4033;39
4033;39
4033;39
4033;39
4033;39
4033;39
4033;39
4033;39
4033;39
4033;39
4033;39
4033;39
4033;39
4033;39
4033;39
4033;39
4033;39
4033;39
4033;39
4033;39
4033;39
4033;39
4033;39
4033;39
4033;39
4033;39
4033;39
4033;39
4033;39
4033;39
4033;39
4033;39
4033;39
4033;39
4033;39
4033;39
4033;39
4033;39
4033;39
4033;39
4033;39
4033;39
4033;39
4033;39
4033;39
4033;39
4033;39
4033;39
4033;39
4033;39
4033;39
4033;39
4033;39
4033;39
4033;39
4033;39
4033;39
4033;39
4033;39
4033;39
4033;39
4033;39
4033;39
4033;39
4033;39
4033;39
4033;39
4033;39
4033;39
4033;39
4033;39
4033;39
4033;39
4033;39
4033;39
4033;39
4033;39
4033;39
4033;39
4033;39
4033;39
4033;39
4033;39
4033;39
4033;39
4033;39
4033;39
4033;39
4033;39
4033;39
4033;39
4033;39
4033;39
4033;39
4033;39
4033;39
4033;39
4033;39
4033;39
4033;39
4033;39
4033;39
4033;39
4033;39
4033;39
4033;39
4033;39
4033;39
4033;39
4033;39
4033;39
4033;39
4033;39
4033;39
4033;39
4033;39
4033;39
4033;39
4033;39
4033;39
4033;39
4033;39
4033;39
4033;39
4033;39
4033;39
4033;39
4033;39
4033;39
4033;39
4033;39
4033;39
4033;39
4033;39
4033;39
4033;39
4033;39
4033;39
4033;39
4033;39
4033;39
4033;39
4033;39
4033;39
4033;39
4033;39
4033;39
4033;39
4033;39
4033;39
4033;39
4033;39
4033;39
4033;39
4033;39
4033;39
4033;39
4033;39
4033;39
4033;39
4033;39
4033;39
4033;39
4033;39
4033;39
4033;39
4033;39
4033;39
4033;39
4033;39
4033;39
4033;39
4033;39
4033;39
4033;39
4033;39
4033;39
4033;39
4033;39
4033;39
4033;39
4033;39
4033;39
4033;39
4033;39
4033;39
4033;39
4033;39
4033;39
4033;39
4033;39
4033;39
4033;39
4033;39
4033;39
4033;39
4033;39
4033;39
4033;39
4033;39
4033;39
4033;39
4033;39
4033;39
4033;39
4033;39
4033;39
4033;39
4033;39
4033;39
4033;39
4033;39
4033;39
4033;39
4033;39
4033;39
4033;39
4033;39
4033;39
4033;39
4033;39
4033;39
4033;39
4033;39
4033;39
4033;39
4033;39
4033;39
4033;39
4033;39
4033;39
4033;39
4033;39
4033;39
4033;39
4033;39
4033;39
4033;39
4033;39
4033;39
4033;39
4033;39
4033;39
4033;39
4033;39
4033;39
4033;39
4033;39
4033;39
4033;39
4033;39
4033;39
4033;39
4033;39
4033;39
4033;39
4033;39
4033;39
4033;39
4033;39
4033;39
4033;39
4033;39
4033;39
4033;39
4033;39
4033;39
4033;39
4033;39
4033;39
4033;39
4033;39
4033;39
4033;39
4033;39
4033;39
4033;39
4033;39
4033;39
4033;39
4033;39
4033;39
4033;39
4033;39
4033;39
4033;39
4033;39
4033;39
4033;39
4033;39
4033;39
4033;39
4033;39
4033;39
4033;39
4033;39
4033;39
4033;39
4033;39
4033;39
4033;39
4033;39
4033;39
4033;39
4033;39
4033;39
4033;39
4033;39
4033;39
4033;39
4033;39
4033;39
4033;39
4033;39
4033;39
4033;39
4033;39
4033;39
4033;39
4033;39
4033;39
4033;39
4033;39
4033;39
4033;39
4033;39
4033;39
4033;39
4033;39
4033;39
4033;39
4033;39
4033;39
4033;39
4033;39
4033;39
4033;39
4033;39
4033;39
4033;39
4033;39
4033;39
4033;39
4033;39
4033;39
4033;39
4033;39
4033;39
4033;39
4033;39
4033;39
4033;39
4033;39
4033;39
4033;39
4033;39
4033;39
4033;39
4033;39
4033;39
4033;39
4033;39
4033;39
4033;39
4033;39
4033;39
4033;39
4033;39
4033;39
4033;39
4033;39
4033;39
4033;39
4033;39
4033;39
4033;39
4033;39
4033;39
4033;39
4033;39
4033;39
4033;39
4033;39
4033;39
4033;39
4033;39
4033;39
4033;39
4033;39
4033;39
4033;39
4033;39
4033;39
4033;39
4033;39
4033;39
4033;39
4033;39
4033;39
4033;39
4033;39
4033;39
4033;39
