204;15
184;15
168;15
155;15
145;15
137;15
130;15
125;15
121;15
117;15
115;15
113;15
111;15
109;15
108;15
108;15
107;15
106;15
106;15
267;15
477;15
800;15
1224;15
1778;15
2220;15
2575;15
2858;15
3084;15
3266;15
3411;15
3527;15
3620;15
3694;15
3753;15
3801;15
3839;15
3869;15
3868;15
3691;15
3305;15
2665;15
2153;15
1743;15
1415;15
1153;15
943;15
775;15
641;15
534;15
448;15
379;15
324;15
280;15
245;15
217;15
194;15
176;15
162;15
150;15
141;15
134;15
128;15
123;15
119;15
116;15
114;15
112;15
110;15
109;15
108;15
107;15
107;15
106;15
106;15
105;15
105;15
105;15
105;15
105;15
104;15
104;15
104;15
104;15
104;15
104;15
104;15
104;15
104;15
104;15
104;15
104;15
104;15
104;15
104;15
104;15
104;15
104;15
104;15
104;15
104;15
104;15
104;15
104;15
104;15
104;15
104;15
104;15
104;15
104;15
104;15
104;15
104;15
104;15
104;15
104;15
104;15
104;15
104;15
104;15
104;15
104;15
104;15
104;15
104;15
104;15
104;15
104;15
104;15
104;15
104;15
104;15
104;15
104;15
104;15
104;15
104;15
104;15
104;15
104;15
104;15
104;15
104;15
104;15
104;15
104;15
104;15
104;15
104;15
104;15
104;15
104;15
104;15
104;15
104;15
104;15
104;15
104;15
104;15
104;15
104;15
104;15
104;15
104;15
104;15
104;15
104;15
104;15
104;15
104;15
104;15
104;15
104;15
104;15
104;15
104;15
104;15
104;15
104;15
104;15
104;15
104;15
104;15
104;15
104;15
104;15
104;15
104;15
104;15
104;15
104;15
104;15
104;15
104;15
104;15
104;15
104;15
104;15
104;15
104;15
104;15
104;15
104;15
104;15
104;15
104;15
104;15
104;15
104;15
104;15
104;15
104;15
104;15
104;15
104;15
104;15
104;15
104;15
104;15
104;15
104;15
104;15
104;15
104;15
104;15
104;15
104;15
104;15
104;15
104;15
104;15
104;15
104;15
104;15
104;15
104;15
104;15
104;15
104;15
104;15
104;15
104;15
104;15
104;15
104;15
104;15
104;15
104;15
398;15
628;15
803;15
933;15
1024;15
1091;15
1132;15
1152;15
1161;15
1161;15
1149;15
1131;15
1106;15
1081;15
1046;15
1011;15
970;15
929;15
875;15
829;15
792;15
822;15
1072;15
1349;15
1648;15
1928;15
2213;15
2482;15
2754;15
3002;15
3200;15
3358;15
3485;15
3586;15
3667;15
3732;15
3784;15
3825;15
3858;15
3885;15
3906;15
3923;15
3937;15
3947;15
3956;15
3963;15
3969;15
3973;15
3977;15
3980;15
3982;15
3897;15
3746;15
3552;15
3305;15
2941;15
2374;15
1920;15
1557;15
1266;15
1034;15
848;15
699;15
580;15
485;15
409;15
348;15
299;15
260;15
229;15
204;15
184;15
168;15
155;15
145;15
137;15
130;15
106;15
230;15
436;15
716;15
1034;15
1368;15
1709;15
2041;15
2370;15
2689;15
2949;15
3157;15
3324;15
3458;15
3564;15
3650;15
3718;15
3772;15
3816;15
3851;15
3879;15
3902;15
3919;15
3934;15
3945;15
3954;15
3962;15
3968;15
3972;15
3976;15
3979;15
3981;15
3983;15
3985;15
3986;15
3987;15
3988;15
3988;15
3989;15
3989;15
3990;15
3990;15
3990;15
3990;15
3990;15
3991;15
3991;15
3991;15
3991;15
3991;15
3991;15
3991;15
3991;15
3991;15
3991;15
3991;15
3991;15
3991;15
3991;15
3991;15
3991;15
3991;15
3991;15
3991;15
3991;15
3991;15
3991;15
3991;15
3991;15
3991;15
3991;15
3991;15
3991;15
3991;15
3991;15
3991;15
3991;15
3991;15
3991;15
3991;15
3991;15
3991;15
3991;15
3991;15
3991;15
3991;15
3991;15
3991;15
3991;15
3991;15
3991;15
3991;15
3991;15
3991;15
3991;15
3991;15
3991;15
3991;15
3991;15
3991;15
3991;15
3991;15
3991;15
3991;15
3991;15
3991;15
3991;15
3991;15
3991;15
3991;15
3991;15
3991;15
3991;15
3991;15
3991;15
3991;15
3991;15
3991;15
3991;15
3991;15
3991;15
3991;15
3991;15
3991;15
3991;15
3991;15
3991;15
3991;15
3991;15
3991;15
3991;15
3991;15
3991;15
3991;15
3991;15
3991;15
3991;15
3991;15
3991;15
3991;15
3991;15
3991;15
3991;15
3991;15
3991;15
3991;15
3991;15
3991;15
3991;15
3991;15
3991;15
3991;15
3991;15
3991;15
3991;15
3991;15
3991;15
3991;15
3991;15
3991;15
3991;15
3991;15
3991;15
3991;15
3991;15
3991;15
3991;15
3991;15
3991;15
3991;15
3991;15
3991;15
3991;15
3991;15
3991;15
3991;15
3991;15
3991;15
3991;15
3991;15
3991;15
3991;15
3991;15
3991;15
3991;15
3991;15
3991;15
3991;15
3991;15
3991;15
3991;15
3991;15
3991;15
3991;15
3991;15
3991;15
3991;15
3991;15
3991;15
3991;15
3991;15
3991;15
3991;15
3991;15
3991;15
3991;15
3991;15
3991;15
3991;15
3991;15
3991;15
3991;15
3991;15
3991;15
3991;15
3991;15
3991;15
3991;15
3991;15
3991;15
3991;15
3991;15
3991;15
3991;15
3991;15
3991;15
3991;15
3991;15
3991;15
3991;15
3991;15
3991;15
3991;15
3991;15
3991;15
3991;15
3991;15
3991;15
3991;15
3991;15
3991;15
3991;15
3991;15
3991;15
3991;15
3991;15
3991;15
3991;15
3991;15
3991;15
3991;15
3991;15
3991;15
3991;15
3991;15
3991;15
3991;15
3991;15
3991;15
3991;15
3991;15
3991;15
3991;15
3991;15
3991;15
3991;15
3991;15
3991;15
3948;15
3817;15
3695;15
3584;15
3474;15
3336;15
3126;15
2835;15
2557;15
2325;15
2140;15
2043;15
2082;15
2126;15
2133;15
2184;15
2264;15
2328;15
2371;15
2397;15
2409;15
2405;15
2396;15
2379;15
2378;15
2383;15
2382;15
2379;15
2381;15
2392;15
2394;15
2387;15
2362;15
2226;15
2051;15
1847;15
1637;15
1388;15
1131;15
926;15
761;15
630;15
525;15
441;15
373;15
319;15
276;15
242;15
214;15
192;15
175;15
160;15
149;15
140;15
133;15
127;15
123;15
119;15
116;15
113;15
112;15
110;15
109;15
108;15
107;15
209;15
386;15
654;15
998;15
1373;15
1761;15
2144;15
2513;15
2809;15
3045;15
3234;15
3386;15
3507;15
3604;15
3681;15
3743;15
3793;15
3832;15
3864;15
3889;15
3910;15
3926;15
3939;15
3949;15
3958;15
3964;15
3970;15
3974;15
3977;15
3980;15
3982;15
3984;15
3985;15
3987;15
3987;15
3988;15
3989;15
3989;15
3990;15
3990;15
3990;15
3990;15
3990;15
3991;15
3991;15
3991;15
3991;15
3991;15
3991;15
3991;15
3991;15
3991;15
3991;15
3991;15
3991;15
3991;15
3991;15
3991;15
3991;15
3991;15
3991;15
3991;15
3991;15
3991;15
3991;15
3991;15
3991;15
3991;15
3991;15
3991;15
3991;15
3991;15
3991;15
3991;15
3991;15
3991;15
3991;15
3991;15
3991;15
3991;15
3991;15
3991;15
3991;15
3991;15
3991;15
3991;15
3991;15
3991;15
3991;15
3991;15
3991;15
3991;15
3991;15
3991;15
3991;15
3991;15
3991;15
3214;15
2592;15
2094;15
1696;15
1378;15
1123;15
919;15
756;15
626;15
521;15
438;15
371;15
318;15
275;15
241;15
213;15
192;15
174;15
160;15
149;15
140;15
133;15
127;15
122;15
119;15
116;15
113;15
112;15
110;15
109;15
108;15
107;15
106;15
106;15
106;15
105;15
105;15
105;15
105;15
105;15
104;15
104;15
104;15
104;15
104;15
104;15
104;15
104;15
104;15
104;15
104;15
104;15
104;15
104;15
104;15
104;15
104;15
104;15
104;15
104;15
104;15
104;15
104;15
104;15
104;15
104;15
104;15
104;15
104;15
104;15
104;15
104;15
104;15
104;15
104;15
104;15
104;15
104;15
104;15
104;15
104;15
104;15
104;15
104;15
104;15
104;15
104;15
104;15
104;15
104;15
104;15
104;15
104;15
104;15
104;15
104;15
104;15
104;15
104;15
104;15
104;15
104;15
104;15
104;15
104;15
104;15
104;15
104;15
104;15
104;15
104;15
104;15
104;15
104;15
104;15
104;15
104;15
371;15
578;15
737;15
856;15
942;15
1002;15
1042;15
1065;15
1074;15
1070;15
1056;15
1032;15
998;15
961;15
918;15
872;15
824;15
768;15
710;15
649;15
577;15
502;15
422;15
342;15
295;15
257;15
226;15
202;15
182;15
166;15
154;15
144;15
136;15
130;15
124;15
120;15
117;15
114;15
112;15
111;15
109;15
108;15
107;15
