712;15
591;15
493;15
415;15
353;15
303;15
263;15
232;15
206;15
186;15
169;15
156;15
146;15
679;15
1341;15
1871;15
2295;15
2634;15
2906;15
3123;15
3296;15
3435;15
3546;15
3635;15
3707;15
3763;15
3809;15
3845;15
3874;15
3860;15
3159;15
2548;15
2059;15
1668;15
1355;15
1105;15
905;15
745;15
616;15
514;15
432;15
366;15
314;15
272;15
238;15
211;15
190;15
173;15
159;15
148;15
139;15
132;15
127;15
122;15
118;15
116;15
113;15
111;15
110;15
109;15
108;15
107;15
106;15
106;15
106;15
105;15
105;15
105;15
105;15
105;15
104;15
104;15
104;15
244;15
345;15
414;15
456;15
477;15
474;15
460;15
422;15
373;15
314;15
259;15
228;15
203;15
183;15
167;15
155;15
145;15
136;15
130;15
125;15
121;15
117;15
115;15
113;15
111;15
109;15
108;15
107;15
107;15
106;15
106;15
105;15
105;15
105;15
105;15
105;15
104;15
104;15
104;15
104;15
104;15
104;15
104;15
104;15
104;15
104;15
104;15
104;15
104;15
104;15
104;15
104;15
104;15
104;15
104;15
104;15
104;15
104;15
104;15
104;15
104;15
104;15
104;15
104;15
104;15
104;15
104;15
104;15
104;15
104;15
104;15
104;15
104;15
104;15
104;15
104;15
104;15
104;15
104;15
104;15
104;15
104;15
104;15
104;15
104;15
104;15
104;15
104;15
104;15
104;15
104;15
104;15
104;15
104;15
104;15
104;15
104;15
104;15
104;15
104;15
104;15
104;15
104;15
104;15
104;15
104;15
104;15
104;15
104;15
104;15
104;15
104;15
104;15
104;15
104;15
104;15
104;15
104;15
104;15
104;15
104;15
104;15
104;15
104;15
104;15
104;15
104;15
104;15
104;15
104;15
104;15
104;15
104;15
104;15
104;15
104;15
104;15
104;15
104;15
104;15
104;15
104;15
104;15
104;15
104;15
104;15
104;15
104;15
104;15
104;15
104;15
104;15
104;15
104;15
104;15
104;15
104;15
104;15
104;15
104;15
104;15
792;15
1431;15
1943;15
2353;15
2681;15
2943;15
3152;15
3320;15
3454;15
3562;15
3647;15
3716;15
3771;15
3815;15
3850;15
3878;15
3901;15
3919;15
3933;15
3945;15
3954;15
3961;15
3967;15
3972;15
3976;15
3979;15
3981;15
3983;15
3985;15
3986;15
3987;15
3988;15
3988;15
3989;15
3989;15
3990;15
3990;15
3990;15
3990;15
3990;15
3991;15
3991;15
3991;15
3991;15
3991;15
3991;15
3991;15
3991;15
3991;15
3991;15
3991;15
3991;15
3991;15
3991;15
3991;15
3991;15
3991;15
3991;15
3991;15
3991;15
3991;15
3991;15
3991;15
3991;15
3991;15
3991;15
3991;15
3991;15
3991;15
3991;15
3991;15
3991;15
3991;15
3991;15
3991;15
3991;15
3991;15
3991;15
3991;15
3991;15
3991;15
3991;15
3991;15
3991;15
3991;15
3991;15
3991;15
3991;15
3991;15
3991;15
3991;15
3991;15
3991;15
3991;15
3991;15
3991;15
3991;15
3991;15
3991;15
3991;15
3991;15
3991;15
3991;15
3991;15
3991;15
3991;15
3991;15
3991;15
3991;15
3991;15
3991;15
3991;15
3991;15
3991;15
3991;15
3991;15
3991;15
3991;15
3991;15
3991;15
3991;15
3991;15
3976;15
3201;15
2582;15
2086;15
1690;15
1373;15
1119;15
916;15
754;15
624;15
520;15
437;15
370;15
317;15
274;15
240;15
213;15
191;15
174;15
160;15
149;15
140;15
133;15
127;15
122;15
119;15
116;15
113;15
111;15
110;15
109;15
108;15
107;15
106;15
221;15
305;15
355;15
380;15
386;15
370;15
337;15
298;15
244;15
215;15
193;15
175;15
161;15
149;15
140;15
133;15
127;15
123;15
119;15
116;15
114;15
112;15
110;15
109;15
108;15
107;15
106;15
106;15
106;15
105;15
105;15
105;15
105;15
105;15
104;15
104;15
104;15
104;15
104;15
104;15
104;15
104;15
104;15
104;15
104;15
104;15
104;15
104;15
104;15
104;15
104;15
104;15
104;15
104;15
104;15
104;15
104;15
104;15
104;15
104;15
104;15
104;15
104;15
104;15
104;15
104;15
104;15
104;15
104;15
104;15
104;15
104;15
104;15
104;15
104;15
104;15
104;15
104;15
104;15
104;15
104;15
104;15
104;15
104;15
104;15
104;15
104;15
104;15
104;15
104;15
104;15
104;15
104;15
104;15
104;15
104;15
104;15
104;15
104;15
104;15
104;15
104;15
104;15
104;15
104;15
104;15
104;15
104;15
104;15
104;15
104;15
104;15
104;15
104;15
104;15
104;15
104;15
104;15
104;15
104;15
104;15
104;15
104;15
104;15
104;15
104;15
104;15
104;15
104;15
104;15
104;15
104;15
104;15
104;15
104;15
104;15
104;15
104;15
104;15
104;15
104;15
104;15
104;15
104;15
104;15
104;15
104;15
104;15
104;15
104;15
104;15
104;15
104;15
104;15
104;15
104;15
104;15
104;15
104;15
104;15
104;15
104;15
104;15
104;15
104;15
104;15
104;15
104;15
104;15
104;15
104;15
104;15
104;15
104;15
104;15
104;15
104;15
104;15
104;15
104;15
104;15
104;15
104;15
104;15
104;15
104;15
104;15
104;15
104;15
104;15
104;15
104;15
104;15
104;15
104;15
104;15
104;15
104;15
104;15
104;15
104;15
104;15
104;15
104;15
104;15
104;15
104;15
104;15
104;15
104;15
104;15
104;15
104;15
104;15
104;15
104;15
104;15
104;15
104;15
104;15
104;15
104;15
104;15
104;15
104;15
104;15
104;15
104;15
104;15
104;15
104;15
104;15
104;15
104;15
104;15
104;15
104;15
104;15
104;15
104;15
104;15
104;15
104;15
104;15
104;15
104;15
104;15
104;15
104;15
104;15
104;15
104;15
104;15
104;15
104;15
104;15
104;15
104;15
104;15
104;15
104;15
104;15
104;15
104;15
104;15
104;15
104;15
104;15
104;15
104;15
104;15
104;15
104;15
104;15
104;15
104;15
104;15
104;15
104;15
104;15
104;15
104;15
104;15
104;15
104;15
104;15
104;15
104;15
104;15
104;15
104;15
104;15
104;15
104;15
104;15
104;15
104;15
104;15
104;15
104;15
104;15
104;15
104;15
104;15
104;15
104;15
104;15
104;15
104;15
104;15
104;15
104;15
104;15
190;15
244;15
269;15
270;15
250;15
214;15
185;15
169;15
156;15
146;15
137;15
131;15
125;15
121;15
118;15
115;15
113;15
111;15
110;15
108;15
108;15
107;15
106;15
106;15
105;15
105;15
105;15
105;15
105;15
104;15
104;15
104;15
104;15
104;15
104;15
104;15
104;15
104;15
104;15
104;15
104;15
104;15
104;15
104;15
104;15
104;15
104;15
104;15
104;15
104;15
104;15
104;15
104;15
104;15
104;15
104;15
104;15
104;15
104;15
104;15
104;15
104;15
104;15
104;15
104;15
104;15
104;15
104;15
104;15
104;15
104;15
104;15
104;15
104;15
104;15
104;15
104;15
104;15
104;15
104;15
104;15
104;15
104;15
104;15
104;15
104;15
104;15
104;15
104;15
104;15
104;15
104;15
104;15
104;15
104;15
104;15
104;15
104;15
104;15
104;15
104;15
104;15
104;15
104;15
104;15
104;15
104;15
104;15
104;15
104;15
104;15
104;15
104;15
104;15
104;15
104;15
104;15
104;15
104;15
104;15
104;15
104;15
104;15
104;15
104;15
104;15
104;15
104;15
104;15
104;15
104;15
104;15
104;15
104;15
104;15
104;15
104;15
104;15
104;15
104;15
104;15
104;15
104;15
104;15
104;15
104;15
104;15
104;15
104;15
104;15
104;15
104;15
104;15
104;15
104;15
104;15
104;15
104;15
104;15
104;15
104;15
104;15
104;15
104;15
104;15
104;15
104;15
104;15
104;15
104;15
104;15
104;15
104;15
104;15
104;15
104;15
104;15
104;15
104;15
104;15
104;15
104;15
104;15
104;15
104;15
104;15
104;15
104;15
104;15
104;15
104;15
104;15
104;15
104;15
104;15
104;15
104;15
104;15
104;15
104;15
104;15
104;15
104;15
104;15
104;15
104;15
104;15
104;15
104;15
104;15
104;15
104;15
104;15
104;15
104;15
104;15
104;15
104;15
104;15
104;15
104;15
104;15
104;15
104;15
104;15
104;15
104;15
104;15
104;15
104;15
104;15
104;15
104;15
104;15
104;15
104;15
104;15
104;15
104;15
104;15
104;15
104;15
104;15
104;15
104;15
104;15
104;15
104;15
104;15
104;15
104;15
104;15
104;15
104;15
104;15
104;15
104;15
104;15
104;15
104;15
104;15
104;15
104;15
104;15
104;15
104;15
