280;60
284;60
287;60
289;60
284;60
278;60
282;60
285;60
288;60
290;60
292;60
293;60
287;60
286;60
289;60
291;60
292;60
294;60
295;60
296;60
294;60
295;60
296;60
297;60
297;60
297;60
292;60
293;60
287;60
289;60
291;60
293;60
294;60
295;60
289;60
288;60
290;60
292;60
293;60
295;60
295;60
296;60
295;60
296;60
296;60
297;60
297;60
298;60
298;60
298;60
298;60
298;60
299;60
299;60
299;60
299;60
299;60
299;60
299;60
299;60
299;60
299;60
299;60
299;60
299;60
299;60
299;60
299;60
299;60
299;60
299;60
299;60
299;60
299;60
299;60
299;60
299;60
299;60
299;60
299;60
299;60
299;60
299;60
299;60
299;60
299;60
299;60
299;60
299;60
299;60
299;60
299;60
299;60
299;60
299;60
299;60
299;60
299;60
299;60
299;60
299;60
299;60
299;60
299;60
299;60
299;60
299;60
299;60
299;60
299;60
299;60
299;60
299;60
299;60
299;60
299;60
299;60
299;60
299;60
299;60
299;60
299;60
299;60
299;60
299;60
299;60
299;60
299;60
299;60
299;60
299;60
299;60
299;60
299;60
299;60
299;60
299;60
299;60
299;60
299;60
299;60
299;60
299;60
299;60
299;60
299;60
299;60
299;60
299;60
299;60
299;60
299;60
299;60
299;60
299;60
299;60
299;60
299;60
299;60
299;60
299;60
299;60
299;60
299;60
299;60
299;60
299;60
299;60
299;60
299;60
299;60
299;60
299;60
299;60
299;60
299;60
299;60
299;60
299;60
299;60
299;60
299;60
299;60
299;60
299;60
299;60
299;60
299;60
299;60
299;60
299;60
299;60
299;60
299;60
299;60
299;60
299;60
299;60
299;60
299;60
299;60
299;60
299;60
299;60
299;60
299;60
299;60
299;60
299;60
299;60
299;60
299;60
299;60
299;60
299;60
299;60
299;60
299;60
299;60
299;60
299;60
299;60
299;60
299;60
299;60
299;60
299;60
299;60
299;60
299;60
299;60
299;60
299;60
299;60
299;60
299;60
299;60
299;60
299;60
299;60
299;60
299;60
299;60
299;60
299;60
299;60
299;60
299;60
299;60
299;60
299;60
299;60
299;60
299;60
299;60
299;60
299;60
299;60
299;60
299;60
299;60
299;60
299;60
299;60
299;60
299;60
299;60
299;60
299;60
299;60
299;60
299;60
299;60
299;60
299;60
299;60
299;60
299;60
299;60
299;60
299;60
299;60
299;60
299;60
299;60
299;60
299;60
299;60
299;60
299;60
299;60
299;60
299;60
299;60
299;60
299;60
299;60
299;60
299;60
299;60
299;60
299;60
299;60
299;60
299;60
299;60
299;60
299;60
299;60
299;60
299;60
299;60
299;60
299;60
299;60
299;60
299;60
299;60
299;60
299;60
299;60
299;60
299;60
299;60
299;60
299;60
299;60
299;60
299;60
299;60
299;60
299;60
299;60
299;60
299;60
299;60
299;60
299;60
299;60
299;60
299;60
299;60
299;60
299;60
299;60
299;60
299;60
299;60
299;60
299;60
299;60
299;60
299;60
299;60
299;60
299;60
299;60
299;60
299;60
299;60
299;60
299;60
299;60
299;60
299;60
299;60
299;60
299;60
299;60
299;60
299;60
299;60
299;60
299;60
299;60
299;60
299;60
299;60
299;60
299;60
299;60
299;60
299;60
299;60
299;60
299;60
299;60
299;60
299;60
299;60
299;60
299;60
299;60
299;60
299;60
299;60
299;60
299;60
299;60
299;60
299;60
299;60
299;60
299;60
299;60
299;60
299;60
299;60
299;60
299;60
299;60
299;60
299;60
299;60
299;60
299;60
299;60
299;60
299;60
299;60
299;60
299;60
299;60
299;60
299;60
299;60
299;60
299;60
299;60
299;60
299;60
299;60
299;60
299;60
299;60
299;60
299;60
299;60
299;60
299;60
299;60
299;60
299;60
299;60
299;60
299;60
299;60
299;60
299;60
299;60
299;60
299;60
299;60
299;60
299;60
299;60
299;60
299;60
299;60
299;60
299;60
299;60
299;60
299;60
299;60
299;60
299;60
299;60
299;60
299;60
299;60
299;60
299;60
299;60
299;60
299;60
299;60
299;60
299;60
299;60
299;60
299;60
299;60
296;60
291;60
289;60
291;60
293;60
294;60
295;60
296;60
296;60
297;60
297;60
298;60
298;60
298;60
298;60
298;60
298;60
299;60
299;60
299;60
299;60
299;60
296;60
297;60
297;60
296;60
296;60
297;60
297;60
298;60
298;60
298;60
298;60
298;60
299;60
299;60
299;60
299;60
299;60
299;60
299;60
299;60
299;60
299;60
299;60
299;60
299;60
299;60
299;60
299;60
299;60
299;60
299;60
299;60
299;60
299;60
299;60
299;60
299;60
299;60
299;60
299;60
299;60
299;60
299;60
299;60
299;60
299;60
299;60
299;60
299;60
299;60
299;60
299;60
299;60
299;60
299;60
299;60
299;60
299;60
299;60
299;60
299;60
299;60
299;60
299;60
299;60
299;60
299;60
299;60
299;60
299;60
299;60
299;60
299;60
299;60
299;60
299;60
299;60
299;60
299;60
299;60
299;60
299;60
299;60
299;60
299;60
299;60
299;60
299;60
299;60
299;60
299;60
299;60
299;60
299;60
299;60
299;60
299;60
299;60
299;60
299;60
299;60
299;60
299;60
299;60
299;60
299;60
299;60
299;60
299;60
299;60
299;60
299;60
299;60
299;60
299;60
299;60
299;60
299;60
299;60
299;60
299;60
299;60
299;60
299;60
299;60
299;60
299;60
299;60
299;60
299;60
299;60
299;60
299;60
299;60
299;60
299;60
299;60
299;60
299;60
299;60
299;60
299;60
299;60
296;60
297;60
297;60
298;60
298;60
298;60
298;60
298;60
299;60
299;60
299;60
299;60
299;60
299;60
299;60
299;60
299;60
299;60
299;60
299;60
299;60
299;60
299;60
299;60
299;60
299;60
299;60
299;60
299;60
299;60
299;60
299;60
299;60
299;60
299;60
299;60
299;60
299;60
299;60
299;60
299;60
299;60
299;60
299;60
299;60
299;60
299;60
289;60
291;60
293;60
294;60
295;60
290;60
291;60
293;60
294;60
295;60
296;60
297;60
297;60
279;60
283;60
286;60
289;60
291;60
276;60
280;60
284;60
287;60
289;60
291;60
293;60
294;60
295;60
269;60
275;60
280;60
284;60
287;60
266;60
272;60
278;60
282;60
285;60
288;60
290;60
292;60
258;60
266;60
273;60
278;60
282;60
254;60
263;60
231;60
207;60
225;60
198;60
218;60
234;60
209;60
227;60
241;60
253;60
262;60
270;60
245;60
256;60
264;60
231;60
205;60
189;60
211;60
229;60
212;60
229;60
243;60
254;60
263;60
243;60
254;60
263;60
270;60
276;60
281;60
284;60
287;60
248;60
258;60
266;60
273;60
278;60
247;60
257;60
266;60
272;60
278;60
282;60
285;60
288;60
242;60
254;60
263;60
270;60
236;60
249;60
259;60
267;60
273;60
278;60
282;60
286;60
235;60
208;60
226;60
241;60
210;60
227;60
192;60
164;60
