706;45
661;45
625;45
587;45
566;45
548;45
535;45
523;45
515;45
499;45
495;45
492;45
489;45
487;45
485;45
484;45
483;45
482;45
482;45
481;45
465;45
468;45
470;45
472;45
472;45
465;45
468;45
470;45
472;45
473;45
458;45
463;45
466;45
468;45
471;45
1100;45
1603;45
1378;45
1198;45
1054;45
939;45
847;45
774;45
715;45
668;45
630;45
600;45
576;45
556;45
541;45
528;45
519;45
511;45
504;45
499;45
495;45
1119;45
1290;45
1755;45
1500;45
1923;45
2262;45
1887;45
1602;45
1378;45
1198;45
1054;45
939;45
847;45
774;45
715;45
667;45
630;45
600;45
576;45
552;45
537;45
525;45
501;45
469;45
471;45
473;45
474;45
475;45
476;45
476;45
477;45
477;45
478;45
473;45
474;45
475;45
476;45
477;45
477;45
477;45
478;45
478;45
478;45
478;45
478;45
479;45
479;45
479;45
479;45
479;45
476;45
450;45
455;45
460;45
464;45
467;45
469;45
1099;45
1602;45
1378;45
1198;45
1054;45
932;45
842;45
769;45
711;45
665;45
628;45
1225;45
1076;45
957;45
861;45
785;45
724;45
629;45
599;45
575;45
556;45
540;45
528;45
1146;45
1640;45
1408;45
1222;45
1073;45
954;45
859;45
783;45
722;45
674;45
635;45
604;45
1035;45
1070;45
1558;45
1249;45
1095;45
892;45
1388;45
1173;45
1033;45
922;45
834;45
752;45
1190;45
1519;45
1311;45
1145;45
1011;45
905;45
805;45
740;45
688;45
646;45
613;45
1074;45
920;45
832;45
761;45
705;45
660;45
592;45
569;45
551;45
537;45
525;45
503;45
407;45
960;45
863;45
787;45
725;45
676;45
619;45
591;45
568;45
550;45
536;45
525;45
442;45
987;45
1152;45
1502;45
1744;45
1491;45
1433;45
1225;45
1075;45
956;45
860;45
784;45
723;45
674;45
635;45
604;45
579;45
559;45
530;45
520;45
511;45
505;45
500;45
496;45
403;45
418;45
430;45
440;45
448;45
454;45
459;45
463;45
466;45
469;45
471;45
472;45
999;45
895;45
812;45
745;45
692;45
649;45
615;45
588;45
566;45
549;45
535;45
524;45
515;45
508;45
502;45
497;45
494;45
491;45
488;45
486;45
485;45
484;45
483;45
482;45
481;45
481;45
481;45
480;45
480;45
480;45
480;45
480;45
479;45
479;45
432;45
427;45
658;45
1249;45
1723;45
2096;45
1744;45
1485;45
1284;45
1123;45
970;45
872;45
794;45
731;45
680;45
640;45
608;45
582;45
561;45
545;45
532;45
521;45
513;45
1133;45
1003;45
898;45
814;45
743;45
691;45
648;45
614;45
587;45
1186;45
1203;45
1615;45
1388;45
1206;45
1061;45
944;45
851;45
777;45
717;45
1211;45
1561;45
1345;45
1172;45
1033;45
922;45
821;45
753;45
698;45
654;45
619;45
591;45
569;45
551;45
536;45
525;45
516;45
508;45
503;45
459;45
463;45
1093;45
970;45
872;45
794;45
731;45
660;45
624;45
595;45
572;45
553;45
538;45
1154;45
980;45
824;45
755;45
700;45
669;45
1100;45
976;45
876;45
797;45
733;45
682;45
642;45
1085;45
964;45
867;45
1211;45
1471;45
1272;45
1114;45
987;45
885;45
1217;45
1308;45
1142;45
1010;45
904;45
819;45
751;45
696;45
653;45
618;45
590;45
568;45
550;45
1033;45
922;45
834;45
763;45
706;45
661;45
624;45
595;45
572;45
548;45
535;45
978;45
878;45
798;45
734;45
683;45
637;45
605;45
580;45
560;45
544;45
531;45
520;45
512;45
505;45
500;45
496;45
493;45
490;45
488;45
486;45
485;45
483;45
483;45
482;45
481;45
481;45
480;45
480;45
480;45
480;45
480;45
479;45
479;45
479;45
479;45
479;45
479;45
479;45
479;45
479;45
479;45
479;45
479;45
479;45
479;45
479;45
479;45
479;45
459;45
463;45
466;45
469;45
471;45
472;45
474;45
475;45
476;45
476;45
477;45
477;45
478;45
478;45
478;45
478;45
478;45
479;45
466;45
468;45
471;45
472;45
474;45
1102;45
1316;45
1095;45
945;45
852;45
777;45
717;45
670;45
632;45
601;45
577;45
557;45
541;45
529;45
519;45
511;45
505;45
499;45
495;45
492;45
489;45
487;45
486;45
484;45
483;45
482;45
482;45
481;45
481;45
480;45
480;45
480;45
480;45
480;45
479;45
479;45
479;45
1107;45
981;45
881;45
800;45
736;45
685;45
644;45
611;45
584;45
563;45
546;45
533;45
1150;45
1015;45
908;45
822;45
754;45
675;45
636;45
605;45
580;45
559;45
543;45
530;45
514;45
507;45
501;45
497;45
493;45
490;45
488;45
486;45
485;45
484;45
483;45
482;45
1109;45
983;45
882;45
801;45
737;45
685;45
644;45
611;45
585;45
564;45
547;45
533;45
1150;45
1016;45
908;45
822;45
754;45
683;45
642;45
610;45
584;45
563;45
546;45
1160;45
1024;45
915;45
828;45
758;45
702;45
658;45
622;45
593;45
570;45
552;45
1165;45
1028;45
918;45
830;45
760;45
704;45
659;45
623;45
594;45
571;45
547;45
534;45
1150;45
1016;45
909;45
823;45
754;45
689;45
647;45
613;45
586;45
565;45
548;45
534;45
523;45
514;45
507;45
501;45
496;45
493;45
490;45
488;45
486;45
485;45
484;45
483;45
482;45
481;45
481;45
480;45
480;45
480;45
480;45
480;45
479;45
479;45
1107;45
981;45
881;45
800;45
736;45
685;45
1271;45
1029;45
916;45
828;45
758;45
703;45
658;45
622;45
593;45
571;45
552;45
538;45
526;45
516;45
509;45
503;45
498;45
494;45
491;45
489;45
487;45
485;45
484;45
483;45
482;45
482;45
481;45
481;45
480;45
480;45
480;45
480;45
480;45
479;45
479;45
479;45
479;45
479;45
479;45
479;45
479;45
479;45
479;45
479;45
479;45
479;45
479;45
479;45
479;45
473;45
474;45
475;45
476;45
476;45
477;45
477;45
478;45
478;45
478;45
478;45
469;45
471;45
473;45
474;45
475;45
476;45
477;45
477;45
477;45
478;45
478;45
472;45
474;45
475;45
476;45
476;45
477;45
477;45
478;45
478;45
478;45
478;45
478;45
479;45
479;45
479;45
479;45
479;45
479;45
479;45
479;45
479;45
479;45
479;45
479;45
873;45
881;45
800;45
736;45
685;45
643;45
611;45
584;45
563;45
546;45
533;45
522;45
513;45
507;45
501;45
497;45
493;45
485;45
484;45
483;45
482;45
481;45
1108;45
983;45
1509;45
1303;45
1138;45
1006;45
885;45
804;45
739;45
687;45
645;45
604;45
579;45
559;45
543;45
530;45
520;45
512;45
505;45
500;45
496;45
492;45
490;45
488;45
486;45
484;45
483;45
483;45
482;45
481;45
480;45
480;45
480;45
480;45
480;45
479;45
479;45
479;45
479;45
479;45
479;45
479;45
479;45
479;45
479;45
479;45
479;45
479;45
479;45
479;45
479;45
479;45
479;45
479;45
479;45
479;45
479;45
479;45
479;45
479;45
479;45
479;45
479;45
479;45
479;45
479;45
479;45
479;45
1106;45
940;45
779;45
719;45
671;45
633;45
597;45
574;45
555;45
