762;27
729;27
702;27
680;27
663;27
650;27
639;27
630;27
623;27
617;27
613;27
609;27
606;27
604;27
602;27
601;27
600;27
599;27
598;27
597;27
597;27
597;27
596;27
596;27
596;27
596;27
596;27
595;27
595;27
595;27
595;27
595;27
595;27
595;27
595;27
595;27
595;27
595;27
595;27
595;27
595;27
595;27
595;27
595;27
595;27
595;27
595;27
595;27
595;27
595;27
595;27
595;27
595;27
595;27
595;27
595;27
595;27
595;27
595;27
595;27
595;27
595;27
595;27
595;27
595;27
595;27
595;27
595;27
595;27
595;27
595;27
595;27
595;27
595;27
595;27
595;27
595;27
595;27
595;27
595;27
595;27
595;27
595;27
595;27
595;27
595;27
595;27
595;27
595;27
595;27
595;27
595;27
595;27
595;27
595;27
595;27
595;27
595;27
595;27
595;27
595;27
595;27
595;27
595;27
595;27
595;27
595;27
595;27
595;27
595;27
595;27
595;27
595;27
595;27
595;27
595;27
595;27
595;27
595;27
595;27
595;27
595;27
595;27
595;27
595;27
595;27
595;27
595;27
595;27
595;27
595;27
595;27
1122;27
1540;27
1872;27
2139;27
2351;27
2514;27
2640;27
2747;27
2831;27
2897;27
2946;27
2983;27
3009;27
3029;27
3040;27
3046;27
3052;27
3055;27
3052;27
3048;27
3041;27
3033;27
3026;27
3016;27
3005;27
2993;27
2977;27
2965;27
2953;27
2940;27
2925;27
2908;27
2894;27
2878;27
2858;27
2836;27
2816;27
2792;27
2767;27
2743;27
2723;27
2700;27
2675;27
2653;27
2630;27
2601;27
2571;27
2537;27
2496;27
2453;27
2413;27
2369;27
2323;27
2272;27
2214;27
2148;27
1783;27
1546;27
1355;27
1203;27
1082;27
984;27
906;27
844;27
794;27
754;27
723;27
697;27
677;27
660;27
647;27
637;27
628;27
622;27
616;27
612;27
609;27
606;27
604;27
602;27
601;27
599;27
599;27
598;27
597;27
597;27
596;27
596;27
596;27
596;27
596;27
595;27
595;27
595;27
595;27
595;27
595;27
595;27
595;27
595;27
595;27
595;27
595;27
595;27
595;27
595;27
595;27
595;27
595;27
595;27
595;27
595;27
595;27
595;27
595;27
595;27
595;27
595;27
595;27
595;27
595;27
595;27
595;27
595;27
595;27
595;27
595;27
595;27
595;27
595;27
595;27
595;27
595;27
595;27
595;27
595;27
595;27
595;27
595;27
595;27
595;27
595;27
595;27
595;27
595;27
595;27
595;27
595;27
595;27
595;27
595;27
595;27
595;27
595;27
595;27
595;27
595;27
595;27
595;27
595;27
595;27
595;27
595;27
595;27
595;27
595;27
595;27
595;27
595;27
595;27
595;27
595;27
595;27
595;27
595;27
595;27
595;27
595;27
595;27
595;27
595;27
595;27
595;27
595;27
595;27
595;27
595;27
595;27
595;27
595;27
595;27
595;27
595;27
595;27
595;27
595;27
595;27
595;27
595;27
595;27
595;27
595;27
595;27
595;27
595;27
595;27
595;27
595;27
595;27
595;27
595;27
595;27
595;27
595;27
595;27
595;27
595;27
595;27
595;27
595;27
595;27
595;27
595;27
595;27
595;27
595;27
595;27
595;27
595;27
595;27
595;27
595;27
595;27
595;27
595;27
595;27
595;27
595;27
595;27
595;27
595;27
595;27
595;27
595;27
595;27
595;27
595;27
1098;27
1499;27
1817;27
2071;27
2270;27
2429;27
2557;27
2654;27
2730;27
2788;27
2829;27
2858;27
2880;27
2893;27
2900;27
2903;27
2900;27
2895;27
2887;27
2876;27
2868;27
2855;27
2837;27
2821;27
2809;27
2793;27
2772;27
2754;27
2731;27
2702;27
2683;27
2658;27
2638;27
2616;27
2597;27
2564;27
2544;27
2523;27
2498;27
2469;27
2448;27
2425;27
2402;27
2378;27
2351;27
2326;27
2301;27
2279;27
2251;27
2227;27
2196;27
2160;27
2110;27
2063;27
2018;27
1971;27
1922;27
1872;27
1807;27
1759;27
1708;27
1658;27
1626;27
1589;27
1543;27
1495;27
1447;27
1400;27
1343;27
1272;27
1221;27
1156;27
1101;27
1045;27
979;27
1128;27
1219;27
1009;27
869;27
726;27
700;27
679;27
662;27
649;27
638;27
629;27
623;27
617;27
613;27
609;27
606;27
604;27
602;27
601;27
600;27
599;27
598;27
597;27
597;27
597;27
596;27
596;27
596;27
596;27
595;27
595;27
595;27
595;27
595;27
595;27
595;27
595;27
595;27
595;27
595;27
595;27
595;27
595;27
595;27
595;27
595;27
595;27
595;27
595;27
595;27
595;27
595;27
595;27
595;27
595;27
595;27
595;27
595;27
595;27
595;27
595;27
595;27
595;27
595;27
595;27
595;27
595;27
595;27
595;27
595;27
595;27
595;27
595;27
595;27
595;27
595;27
595;27
595;27
595;27
595;27
595;27
595;27
595;27
595;27
595;27
595;27
595;27
595;27
595;27
595;27
595;27
595;27
595;27
595;27
595;27
595;27
595;27
595;27
595;27
595;27
595;27
595;27
595;27
595;27
595;27
595;27
595;27
595;27
595;27
595;27
595;27
595;27
595;27
595;27
595;27
595;27
595;27
595;27
595;27
595;27
595;27
595;27
595;27
595;27
595;27
595;27
595;27
595;27
595;27
595;27
595;27
595;27
595;27
595;27
595;27
595;27
595;27
595;27
595;27
595;27
595;27
595;27
595;27
595;27
595;27
595;27
595;27
595;27
595;27
595;27
595;27
595;27
595;27
595;27
595;27
595;27
595;27
595;27
595;27
595;27
595;27
595;27
595;27
595;27
595;27
925;27
1186;27
1393;27
1550;27
1668;27
1753;27
1818;27
1859;27
1882;27
1890;27
1889;27
1882;27
1866;27
1845;27
1831;27
1802;27
1776;27
1746;27
1718;27
1692;27
1672;27
1638;27
1603;27
1568;27
1531;27
1490;27
1452;27
1397;27
1342;27
1286;27
1227;27
1164;27
1107;27
1077;27
1041;27
1005;27
963;27
920;27
875;27
832;27
790;27
752;27
693;27
628;27
564;27
494;27
409;27
336;27
286;27
308;27
353;27
402;27
440;27
471;27
496;27
516;27
532;27
544;27
554;27
563;27
569;27
574;27
578;27
582;27
584;27
587;27
588;27
590;27
591;27
592;27
592;27
593;27
593;27
594;27
594;27
594;27
594;27
594;27
595;27
595;27
595;27
595;27
595;27
595;27
595;27
595;27
595;27
595;27
595;27
595;27
595;27
595;27
595;27
595;27
595;27
595;27
595;27
595;27
595;27
595;27
595;27
595;27
595;27
595;27
595;27
595;27
595;27
595;27
595;27
595;27
595;27
595;27
595;27
595;27
595;27
595;27
595;27
595;27
595;27
595;27
595;27
595;27
595;27
595;27
595;27
595;27
595;27
595;27
595;27
595;27
595;27
595;27
595;27
595;27
595;27
595;27
595;27
595;27
595;27
595;27
595;27
595;27
595;27
595;27
595;27
595;27
595;27
595;27
595;27
595;27
595;27
595;27
595;27
595;27
595;27
595;27
595;27
595;27
595;27
595;27
595;27
595;27
595;27
595;27
595;27
595;27
595;27
595;27
595;27
595;27
595;27
595;27
595;27
595;27
595;27
595;27
595;27
595;27
595;27
595;27
595;27
595;27
595;27
595;27
595;27
595;27
595;27
595;27
595;27
595;27
595;27
595;27
595;27
595;27
595;27
595;27
595;27
595;27
595;27
595;27
595;27
595;27
595;27
595;27
595;27
595;27
595;27
595;27
595;27
595;27
595;27
595;27
595;27
595;27
595;27
595;27
595;27
595;27
595;27
595;27
595;27
595;27
595;27
595;27
595;27
595;27
595;27
595;27
595;27
595;27
1017;27
1347;27
1601;27
1798;27
1952;27
2077;27
2171;27
2248;27
2307;27
2334;27
2320;27
2270;27
2190;27
2106;27
2030;27
1925;27
1821;27
1715;27
1667;27
1645;27
1677;27
1693;27
1715;27
1737;27
1753;27
1760;27
1746;27
1720;27
1659;27
1401;27
1240;27
1111;27
1008;27
925;27
859;27
806;27
764;27
730;27
703;27
682;27
664;27
650;27
639;27
630;27
623;27
618;27
613;27
610;27
607;27
604;27
602;27
601;27
600;27
599;27
598;27
597;27
597;27
597;27
596;27
596;27
596;27
596;27
596;27
595;27
595;27
595;27
595;27
595;27
595;27
595;27
595;27
595;27
595;27
595;27
595;27
595;27
595;27
595;27
595;27
595;27
595;27
595;27
595;27
595;27
595;27
595;27
595;27
595;27
595;27
595;27
595;27
595;27
595;27
595;27
595;27
595;27
595;27
595;27
595;27
595;27
595;27
595;27
595;27
595;27
595;27
595;27
595;27
595;27
595;27
595;27
595;27
595;27
595;27
595;27
595;27
595;27
595;27
595;27
595;27
595;27
595;27
595;27
595;27
595;27
595;27
595;27
595;27
595;27
595;27
595;27
595;27
595;27
595;27
595;27
595;27
595;27
595;27
595;27
595;27
595;27
595;27
595;27
595;27
595;27
595;27
595;27
595;27
595;27
595;27
595;27
595;27
595;27
595;27
595;27
595;27
595;27
595;27
595;27
595;27
595;27
595;27
595;27
595;27
595;27
595;27
595;27
595;27
595;27
595;27
595;27
595;27
595;27
595;27
595;27
595;27
595;27
595;27
595;27
595;27
595;27
595;27
595;27
595;27
595;27
595;27
595;27
595;27
595;27
595;27
595;27
595;27
595;27
595;27
595;27
595;27
595;27
595;27
595;27
595;27
595;27
595;27
595;27
595;27
595;27
595;27
595;27
595;27
595;27
595;27
595;27
595;27
595;27
595;27
595;27
595;27
595;27
595;27
595;27
595;27
595;27
595;27
595;27
595;27
595;27
595;27
595;27
595;27
595;27
595;27
595;27
595;27
595;27
595;27
595;27
595;27
595;27
595;27
595;27
595;27
595;27
595;27
595;27
595;27
595;27
595;27
595;27
595;27
595;27
595;27
595;27
595;27
595;27
595;27
595;27
595;27
595;27
595;27
595;27
595;27
595;27
595;27
595;27
595;27
595;27
595;27
595;27
595;27
595;27
595;27
595;27
595;27
595;27
595;27
595;27
595;27
595;27
595;27
595;27
595;27
595;27
595;27
595;27
595;27
595;27
595;27
595;27
595;27
595;27
595;27
595;27
595;27
595;27
595;27
595;27
595;27
595;27
595;27
595;27
595;27
595;27
595;27
595;27
595;27
595;27
595;27
595;27
595;27
595;27
595;27
595;27
595;27
595;27
595;27
595;27
595;27
595;27
595;27
595;27
595;27
595;27
595;27
595;27
595;27
595;27
595;27
595;27
595;27
595;27
595;27
595;27
595;27
595;27
595;27
595;27
595;27
595;27
595;27
595;27
595;27
595;27
595;27
595;27
595;27
595;27
595;27
595;27
595;27
595;27
595;27
595;27
595;27
595;27
595;27
595;27
595;27
595;27
595;27
595;27
595;27
595;27
595;27
595;27
595;27
595;27
595;27
595;27
595;27
595;27
595;27
595;27
595;27
595;27
595;27
595;27
595;27
595;27
595;27
595;27
595;27
595;27
595;27
595;27
595;27
595;27
595;27
595;27
595;27
595;27
595;27
595;27
595;27
595;27
595;27
595;27
595;27
595;27
595;27
595;27
595;27
595;27
595;27
595;27
595;27
595;27
595;27
595;27
595;27
595;27
595;27
595;27
595;27
595;27
595;27
595;27
595;27
595;27
595;27
595;27
595;27
595;27
595;27
595;27
595;27
595;27
595;27
595;27
595;27
595;27
595;27
595;27
595;27
595;27
595;27
595;27
595;27
595;27
595;27
595;27
595;27
595;27
595;27
595;27
595;27
595;27
595;27
595;27
595;27
595;27
595;27
595;27
595;27
595;27
595;27
595;27
595;27
595;27
595;27
595;27
595;27
595;27
595;27
595;27
595;27
595;27
595;27
595;27
595;27
595;27
595;27
595;27
595;27
595;27
595;27
595;27
595;27
595;27
595;27
595;27
595;27
595;27
595;27
595;27
595;27
595;27
595;27
595;27
592;27
498;27
534;27
676;27
892;27
1152;27
1433;27
1714;27
2043;27
2309;27
2503;27
2549;27
2507;27
2475;27
2384;27
2235;27
2088;27
1928;27
1754;27
1597;27
1426;27
1255;27
1053;27
858;27
798;27
757;27
725;27
699;27
678;27
661;27
648;27
637;27
629;27
622;27
617;27
612;27
609;27
606;27
604;27
602;27
601;27
600;27
599;27
598;27
597;27
597;27
596;27
596;27
596;27
596;27
596;27
595;27
595;27
595;27
595;27
595;27
595;27
595;27
595;27
595;27
595;27
595;27
595;27
595;27
595;27
595;27
595;27
595;27
595;27
595;27
595;27
595;27
595;27
595;27
595;27
595;27
595;27
595;27
595;27
595;27
595;27
595;27
595;27
595;27
595;27
595;27
595;27
595;27
595;27
595;27
595;27
595;27
595;27
595;27
595;27
595;27
595;27
595;27
525;27
439;27
378;27
317;27
319;27
265;27
241;27
243;27
287;27
309;27
345;27
380;27
459;27
535;27
638;27
774;27
933;27
1114;27
1519;27
1635;27
1444;27
1274;27
1138;27
1030;27
943;27
873;27
818;27
717;27
753;27
823;27
958;27
1108;27
1191;27
1210;27
1095;27
931;27
864;27
810;27
767;27
733;27
705;27
651;27
595;27
639;27
846;27
1111;27
1402;27
1643;27
1833;27
2013;27
2191;27
2284;27
2268;27
2262;27
2344;27
2399;27
2401;27
2349;27
2191;27
1872;27
1616;27
1412;27
1249;27
1118;27
1013;27
930;27
863;27
809;27
766;27
732;27
705;27
683;27
665;27
651;27
640;27
631;27
624;27
618;27
613;27
610;27
607;27
604;27
603;27
601;27
600;27
599;27
598;27
597;27
597;27
597;27
596;27
596;27
596;27
596;27
596;27
595;27
595;27
595;27
595;27
595;27
595;27
595;27
595;27
595;27
595;27
595;27
595;27
595;27
595;27
595;27
595;27
595;27
595;27
595;27
595;27
595;27
595;27
595;27
595;27
595;27
595;27
595;27
595;27
595;27
595;27
595;27
595;27
595;27
595;27
595;27
595;27
595;27
595;27
595;27
595;27
595;27
595;27
595;27
595;27
595;27
595;27
595;27
595;27
595;27
595;27
595;27
595;27
595;27
595;27
595;27
595;27
595;27
595;27
595;27
595;27
595;27
595;27
595;27
595;27
595;27
595;27
595;27
595;27
595;27
595;27
595;27
595;27
595;27
595;27
595;27
595;27
595;27
595;27
595;27
595;27
595;27
595;27
595;27
595;27
595;27
595;27
595;27
595;27
595;27
595;27
595;27
595;27
595;27
595;27
595;27
595;27
595;27
595;27
595;27
595;27
595;27
595;27
595;27
595;27
595;27
646;27
1217;27
1673;27
2039;27
2331;27
2565;27
2752;27
2901;27
3021;27
3117;27
3194;27
3255;27
3304;27
3343;27
3374;27
3400;27
3420;27
3436;27
3449;27
3459;27
3467;27
3474;27
3479;27
3483;27
3487;27
3489;27
3491;27
3493;27
3494;27
3496;27
3496;27
3497;27
3498;27
3498;27
3499;27
3499;27
3499;27
3499;27
3499;27
3500;27
3500;27
3500;27
3500;27
3500;27
3500;27
3500;27
3500;27
3500;27
3500;27
3500;27
3500;27
3500;27
3500;27
3500;27
3500;27
3500;27
3500;27
3500;27
3500;27
3500;27
3500;27
3500;27
3500;27
3500;27
3500;27
3500;27
3500;27
3500;27
3500;27
3500;27
3500;27
3500;27
3500;27
3500;27
3500;27
3500;27
3500;27
3500;27
3500;27
3500;27
3500;27
3500;27
3500;27
3500;27
3500;27
3500;27
3500;27
3500;27
3500;27
3500;27
3500;27
3500;27
3500;27
3500;27
3500;27
3500;27
3500;27
3500;27
3500;27
3500;27
3464;27
3369;27
3261;27
3116;27
2954;27
2840;27
2745;27
2401;27
2159;27
1955;27
1767;27
1605;27
1709;27
1764;27
1775;27
1770;27
1743;27
1708;27
1660;27
1613;27
1558;27
1291;27
1125;27
1019;27
934;27
866;27
812;27
753;27
721;27
696;27
676;27
660;27
647;27
636;27
628;27
621;27
616;27
612;27
609;27
606;27
604;27
602;27
601;27
599;27
599;27
509;27
876;27
1249;27
1269;27
1383;27
1603;27
1983;27
2286;27
2529;27
2723;27
2878;27
3003;27
3102;27
3182;27
3245;27
3296;27
3337;27
3370;27
3396;27
3417;27
3433;27
3447;27
3457;27
3466;27
3473;27
3478;27
3483;27
3486;27
3489;27
3491;27
3493;27
3494;27
3495;27
3496;27
3497;27
3498;27
3498;27
3498;27
3499;27
3499;27
3499;27
3499;27
3406;27
3172;27
2899;27
2579;27
2202;27
1885;27
1627;27
1421;27
1255;27
1123;27
1018;27
933;27
866;27
811;27
768;27
734;27
706;27
684;27
666;27
652;27
640;27
631;27
624;27
618;27
614;27
610;27
774;27
1319;27
1755;27
2104;27
2383;27
2607;27
2785;27
2928;27
3043;27
3134;27
3207;27
3266;27
3313;27
3350;27
3380;27
3404;27
3423;27
3439;27
3451;27
3461;27
3469;27
3475;27
3480;27
3484;27
3487;27
3490;27
3492;27
3493;27
3495;27
3496;27
3497;27
3497;27
3498;27
3498;27
3499;27
3499;27
3499;27
3499;27
3499;27
3500;27
3500;27
3500;27
3500;27
3500;27
3500;27
3500;27
3500;27
3500;27
3500;27
3500;27
3500;27
3500;27
3500;27
3500;27
3500;27
3500;27
3500;27
3500;27
3500;27
3500;27
3500;27
3500;27
3500;27
3500;27
3500;27
3500;27
3500;27
3500;27
3500;27
3500;27
3500;27
3500;27
3500;27
3500;27
3500;27
3500;27
3500;27
3500;27
3500;27
3500;27
3500;27
3500;27
3500;27
3500;27
3500;27
3500;27
3500;27
3500;27
3500;27
3500;27
3500;27
3500;27
3500;27
3500;27
3500;27
3500;27
3500;27
3500;27
3500;27
3500;27
3500;27
3500;27
3500;27
3500;27
3500;27
3500;27
3500;27
3500;27
3500;27
3500;27
3500;27
3500;27
3500;27
3500;27
3500;27
3500;27
3500;27
3500;27
3500;27
3500;27
3500;27
3500;27
3500;27
3500;27
3500;27
3500;27
3500;27
3500;27
3500;27
3500;27
3500;27
3500;27
3500;27
3500;27
3500;27
3500;27
3500;27
3500;27
3500;27
3500;27
3500;27
3500;27
3500;27
3500;27
3500;27
3500;27
3500;27
3500;27
3500;27
3500;27
3500;27
3500;27
3500;27
3500;27
3500;27
3500;27
3500;27
3500;27
3500;27
3500;27
3500;27
3500;27
3500;27
3500;27
3500;27
3500;27
3500;27
3500;27
3500;27
3500;27
3500;27
3500;27
3500;27
3500;27
3500;27
3500;27
3500;27
3500;27
3500;27
3500;27
3500;27
3500;27
3500;27
3500;27
3500;27
3500;27
3500;27
3500;27
3500;27
3500;27
3500;27
3500;27
3500;27
3500;27
3500;27
3500;27
3500;27
3500;27
3500;27
3500;27
3500;27
3500;27
3500;27
3500;27
3500;27
3500;27
3500;27
3500;27
3500;27
3500;27
3500;27
3500;27
3500;27
3500;27
3500;27
3500;27
3500;27
3500;27
3500;27
3500;27
3500;27
3500;27
3500;27
3500;27
3500;27
3500;27
3500;27
3500;27
3500;27
3500;27
3500;27
3500;27
3500;27
3500;27
3500;27
3500;27
3500;27
3500;27
3500;27
3500;27
3500;27
3500;27
3500;27
3500;27
3500;27
3500;27
3500;27
3500;27
3500;27
3500;27
3500;27
3500;27
3500;27
3500;27
3500;27
3500;27
3500;27
3500;27
3500;27
3500;27
3500;27
3500;27
3500;27
3500;27
3500;27
3500;27
3500;27
3500;27
3500;27
3500;27
3500;27
3500;27
3500;27
3500;27
3500;27
3500;27
3500;27
3500;27
3500;27
3500;27
3500;27
3500;27
3500;27
3500;27
3500;27
3500;27
3500;27
3500;27
3500;27
3500;27
3500;27
3500;27
3500;27
3500;27
3500;27
3500;27
3500;27
3500;27
3500;27
3500;27
3500;27
3500;27
3500;27
3500;27
3500;27
3500;27
3500;27
3500;27
3500;27
3500;27
3500;27
3500;27
3500;27
3500;27
3500;27
3500;27
3500;27
3500;27
3500;27
3500;27
3500;27
3500;27
3500;27
3500;27
3500;27
3500;27
3500;27
3500;27
3500;27
3500;27
3500;27
3500;27
3500;27
3500;27
3500;27
3500;27
3500;27
3500;27
3500;27
3500;27
3500;27
3500;27
3500;27
3500;27
3500;27
3500;27
3500;27
3500;27
3500;27
3500;27
3500;27
3500;27
3500;27
3500;27
3500;27
3500;27
3500;27
3500;27
3500;27
3500;27
3500;27
3500;27
3500;27
3500;27
3500;27
3500;27
3500;27
3500;27
3500;27
3500;27
3500;27
3500;27
3500;27
3500;27
3500;27
3500;27
3500;27
3500;27
3500;27
3500;27
3500;27
3500;27
3500;27
3500;27
3500;27
3500;27
3500;27
3500;27
3500;27
3500;27
3500;27
3436;27
2868;27
2413;27
2050;27
1759;27
1526;27
1340;27
1191;27
1072;27
976;27
900;27
839;27
790;27
751;27
720;27
695;27
675;27
659;27
646;27
636;27
628;27
621;27
616;27
612;27
608;27
606;27
604;27
602;27
600;27
599;27
599;27
598;27
597;27
597;27
596;27
596;27
596;27
596;27
596;27
595;27
595;27
595;27
595;27
595;27
595;27
595;27
595;27
595;27
595;27
595;27
595;27
595;27
595;27
595;27
595;27
595;27
595;27
595;27
595;27
595;27
595;27
595;27
595;27
595;27
595;27
595;27
595;27
595;27
595;27
595;27
595;27
595;27
595;27
595;27
595;27
595;27
595;27
595;27
595;27
595;27
595;27
595;27
595;27
595;27
595;27
596;27
596;27
536;27
437;27
364;27
411;27
447;27
477;27
501;27
519;27
535;27
547;27
556;27
564;27
570;27
575;27
579;27
582;27
585;27
587;27
589;27
590;27
591;27
592;27
592;27
593;27
593;27
594;27
594;27
594;27
594;27
594;27
595;27
595;27
595;27
595;27
595;27
595;27
595;27
595;27
595;27
595;27
595;27
595;27
595;27
595;27
595;27
595;27
595;27
595;27
595;27
595;27
595;27
595;27
595;27
595;27
595;27
595;27
595;27
595;27
595;27
595;27
595;27
595;27
595;27
595;27
595;27
595;27
595;27
595;27
595;27
595;27
595;27
595;27
595;27
595;27
595;27
595;27
595;27
595;27
595;27
595;27
595;27
595;27
595;27
595;27
595;27
595;27
595;27
595;27
595;27
595;27
595;27
595;27
595;27
595;27
595;27
595;27
595;27
595;27
595;27
595;27
595;27
595;27
595;27
595;27
595;27
595;27
595;27
595;27
595;27
595;27
595;27
595;27
595;27
595;27
595;27
595;27
595;27
595;27
595;27
595;27
595;27
595;27
595;27
595;27
595;27
595;27
595;27
595;27
595;27
595;27
595;27
595;27
595;27
595;27
595;27
595;27
595;27
595;27
595;27
595;27
595;27
595;27
595;27
595;27
595;27
595;27
595;27
595;27
595;27
595;27
595;27
595;27
595;27
595;27
595;27
595;27
595;27
595;27
595;27
595;27
595;27
595;27
595;27
595;27
595;27
595;27
595;27
595;27
595;27
595;27
595;27
595;27
595;27
595;27
595;27
595;27
595;27
595;27
595;27
595;27
595;27
595;27
595;27
595;27
595;27
595;27
595;27
595;27
595;27
595;27
595;27
595;27
595;27
595;27
595;27
595;27
595;27
595;27
615;27
574;27
527;27
469;27
404;27
329;27
268;27
215;27
203;27
263;27
449;27
695;27
1010;27
1340;27
1637;27
1887;27
2098;27
2268;27
2403;27
2499;27
2559;27
2565;27
2537;27
2491;27
2434;27
2359;27
2275;27
2188;27
2105;27
2023;27
1938;27
1853;27
1768;27
1681;27
1597;27
1518;27
1437;27
1366;27
1298;27
1238;27
1174;27
1169;27
1233;27
1350;27
1454;27
1543;27
1679;27
1851;27
2038;27
2239;27
2449;27
2650;27
2820;27
2956;27
3065;27
3152;27
3222;27
3277;27
3322;27
3357;27
3386;27
3409;27
3427;27
3442;27
3453;27
3463;27
3470;27
3476;27
3481;27
3485;27
3488;27
3490;27
3492;27
3494;27
3495;27
3496;27
3497;27
3497;27
3498;27
3498;27
3499;27
3499;27
3499;27
3295;27
2698;27
2277;27
1941;27
1672;27
1456;27
1284;27
1146;27
1036;27
948;27
877;27
821;27
776;27
740;27
711;27
687;27
669;27
654;27
642;27
633;27
625;27
619;27
614;27
611;27
607;27
605;27
603;27
601;27
600;27
599;27
598;27
598;27
597;27
597;27
596;27
596;27
596;27
596;27
596;27
595;27
595;27
595;27
595;27
595;27
595;27
595;27
595;27
595;27
595;27
595;27
595;27
595;27
595;27
595;27
595;27
595;27
595;27
595;27
595;27
595;27
595;27
595;27
595;27
595;27
595;27
595;27
595;27
595;27
595;27
595;27
595;27
595;27
595;27
595;27
595;27
595;27
595;27
595;27
595;27
595;27
595;27
595;27
595;27
595;27
595;27
595;27
595;27
595;27
595;27
595;27
595;27
595;27
595;27
595;27
595;27
595;27
595;27
595;27
595;27
595;27
595;27
595;27
595;27
595;27
595;27
595;27
595;27
595;27
595;27
595;27
595;27
595;27
595;27
595;27
595;27
595;27
595;27
595;27
595;27
595;27
595;27
595;27
595;27
595;27
595;27
595;27
595;27
510;27
419;27
392;27
404;27
442;27
473;27
497;27
517;27
532;27
545;27
555;27
563;27
569;27
575;27
579;27
582;27
585;27
587;27
588;27
590;27
591;27
592;27
592;27
593;27
593;27
594;27
594;27
594;27
594;27
594;27
595;27
595;27
595;27
595;27
595;27
595;27
595;27
595;27
595;27
595;27
595;27
595;27
595;27
595;27
595;27
595;27
595;27
595;27
595;27
595;27
595;27
595;27
595;27
595;27
595;27
595;27
595;27
595;27
595;27
595;27
595;27
595;27
595;27
595;27
595;27
595;27
595;27
595;27
595;27
595;27
595;27
595;27
595;27
595;27
595;27
595;27
595;27
595;27
595;27
595;27
492;27
908;27
1426;27
1841;27
2173;27
2438;27
2651;27
2821;27
2956;27
3065;27
3152;27
3222;27
3277;27
3322;27
3358;27
3386;27
3409;27
3427;27
3442;27
3453;27
3463;27
3470;27
3476;27
3481;27
3485;27
3488;27
3490;27
3492;27
3494;27
3495;27
3496;27
3497;27
3497;27
3498;27
3498;27
3499;27
3499;27
3499;27
3499;27
3499;27
3500;27
3500;27
3500;27
3500;27
3500;27
3500;27
3500;27
3500;27
3500;27
3500;27
3500;27
3500;27
3500;27
3500;27
3500;27
3500;27
3500;27
3500;27
3500;27
3500;27
3500;27
3500;27
3500;27
3500;27
3500;27
3500;27
3500;27
3500;27
3500;27
3500;27
3500;27
3500;27
3500;27
3500;27
3500;27
3500;27
3500;27
3500;27
3500;27
3500;27
3500;27
3500;27
3500;27
3500;27
3500;27
3500;27
3500;27
3500;27
3500;27
3500;27
3500;27
3500;27
3500;27
3500;27
3500;27
3500;27
3500;27
3500;27
3500;27
3500;27
3500;27
3500;27
3500;27
3500;27
3500;27
3500;27
3500;27
3500;27
3500;27
3500;27
3500;27
3500;27
3500;27
3500;27
3500;27
3500;27
3500;27
3500;27
3500;27
3500;27
3500;27
3500;27
3500;27
3500;27
3500;27
3500;27
3500;27
3500;27
3500;27
3500;27
3500;27
3500;27
3500;27
3500;27
3500;27
3500;27
3500;27
3500;27
3500;27
3500;27
3500;27
3500;27
3500;27
3500;27
3500;27
3500;27
3500;27
3500;27
3500;27
3500;27
3500;27
3500;27
3500;27
3500;27
3500;27
3500;27
3500;27
3500;27
3500;27
3500;27
3500;27
3500;27
3500;27
3500;27
3500;27
3500;27
3500;27
3500;27
3500;27
3500;27
3500;27
3500;27
3500;27
3500;27
3500;27
3500;27
3500;27
3500;27
3500;27
3500;27
3500;27
3500;27
3500;27
3500;27
3500;27
3500;27
3500;27
3500;27
3500;27
3500;27
3500;27
3500;27
3500;27
3500;27
3500;27
3500;27
3500;27
3500;27
3500;27
3500;27
3500;27
3500;27
3500;27
3500;27
3500;27
3500;27
3500;27
3500;27
3500;27
3500;27
3500;27
3500;27
3500;27
3500;27
3500;27
3500;27
3500;27
3500;27
3500;27
3500;27
3500;27
3500;27
3500;27
3500;27
3500;27
3500;27
3500;27
3500;27
3500;27
3500;27
3500;27
3500;27
3500;27
3500;27
3500;27
3500;27
3500;27
3500;27
3500;27
3500;27
3500;27
3500;27
3500;27
3500;27
3500;27
3500;27
3500;27
3500;27
3500;27
3500;27
3500;27
3500;27
3500;27
3500;27
3500;27
3500;27
3500;27
3500;27
3500;27
3500;27
3500;27
3500;27
3500;27
3500;27
3500;27
3500;27
3500;27
3500;27
3500;27
3500;27
3500;27
3500;27
3500;27
3500;27
3500;27
3500;27
3500;27
3472;27
3477;27
3482;27
3486;27
3488;27
3491;27
3493;27
3494;27
3495;27
3496;27
3497;27
3498;27
3498;27
3498;27
3499;27
3499;27
3499;27
3499;27
3499;27
3500;27
3500;27
3500;27
3500;27
3500;27
3500;27
3500;27
3500;27
3500;27
3500;27
3500;27
3500;27
3500;27
3500;27
3500;27
3500;27
3500;27
3500;27
3500;27
3500;27
3500;27
3500;27
3500;27
3500;27
3500;27
3500;27
3500;27
3500;27
3500;27
3500;27
3500;27
3500;27
3500;27
3500;27
3500;27
3500;27
3500;27
3500;27
3500;27
3500;27
3500;27
3500;27
3500;27
3500;27
3500;27
3500;27
3500;27
3500;27
3500;27
3500;27
3500;27
3500;27
3500;27
3500;27
3500;27
3500;27
3500;27
3500;27
3500;27
3500;27
3500;27
3500;27
3500;27
3500;27
3500;27
3500;27
3500;27
3500;27
3500;27
3500;27
3500;27
3500;27
3500;27
3500;27
3500;27
3500;27
3500;27
3500;27
3500;27
3500;27
3500;27
3500;27
3500;27
3500;27
3500;27
3500;27
3500;27
3500;27
3500;27
3500;27
3500;27
3500;27
3500;27
3500;27
3500;27
