595;27
595;27
595;27
595;27
595;27
595;27
595;27
595;27
595;27
595;27
595;27
595;27
595;27
595;27
595;27
595;27
595;27
595;27
595;27
595;27
595;27
595;27
595;27
595;27
595;27
595;27
595;27
595;27
595;27
595;27
595;27
595;27
595;27
595;27
595;27
595;27
595;27
595;27
595;27
595;27
595;27
595;27
595;27
595;27
595;27
595;27
595;27
595;27
595;27
595;27
595;27
595;27
595;27
595;27
595;27
595;27
595;27
595;27
595;27
595;27
595;27
595;27
595;27
595;27
595;27
595;27
595;27
595;27
595;27
595;27
595;27
595;27
595;27
595;27
595;27
595;27
595;27
595;27
595;27
595;27
595;27
595;27
595;27
595;27
595;27
595;27
595;27
595;27
595;27
595;27
595;27
595;27
595;27
595;27
595;27
595;27
595;27
595;27
595;27
595;27
595;27
595;27
595;27
595;27
595;27
595;27
595;27
595;27
595;27
595;27
595;27
595;27
595;27
595;27
595;27
595;27
595;27
595;27
595;27
595;27
595;27
595;27
595;27
595;27
595;27
595;27
595;27
595;27
595;27
595;27
595;27
595;27
595;27
595;27
595;27
595;27
595;27
595;27
595;27
595;27
595;27
493;27
408;27
349;27
398;27
438;27
469;27
494;27
515;27
531;27
543;27
554;27
562;27
569;27
574;27
578;27
581;27
584;27
586;27
588;27
589;27
591;27
591;27
592;27
593;27
593;27
594;27
499;27
723;27
1078;27
1508;27
1907;27
2225;27
2480;27
2684;27
2847;27
2978;27
3082;27
3166;27
3233;27
3286;27
3329;27
3363;27
3391;27
3412;27
3422;27
3396;27
3357;27
3309;27
3288;27
3214;27
3140;27
3080;27
3026;27
2986;27
2945;27
2892;27
2814;27
2730;27
2677;27
2626;27
2585;27
2594;27
2608;27
2689;27
2851;27
2981;27
3085;27
3168;27
3234;27
3287;27
3330;27
3364;27
3391;27
3413;27
3430;27
3444;27
3455;27
3464;27
3471;27
3477;27
3482;27
3485;27
3488;27
3491;27
3493;27
3494;27
3495;27
3496;27
3497;27
3498;27
3498;27
3498;27
3499;27
3499;27
3499;27
3499;27
3499;27
3500;27
3500;27
3500;27
3500;27
3500;27
3500;27
3500;27
3500;27
3500;27
3500;27
3500;27
3500;27
3500;27
3500;27
3500;27
3500;27
3500;27
3500;27
3500;27
3500;27
3500;27
3500;27
3500;27
3500;27
3500;27
3500;27
3500;27
3500;27
3500;27
3500;27
3500;27
3500;27
3500;27
3500;27
3500;27
3500;27
3500;27
3500;27
3500;27
3500;27
3500;27
3500;27
3500;27
3500;27
3500;27
3500;27
3500;27
3500;27
3500;27
3500;27
3500;27
3500;27
3500;27
3500;27
3500;27
3500;27
3500;27
3500;27
3500;27
3500;27
3500;27
3500;27
3500;27
3500;27
3500;27
2919;27
2454;27
2082;27
1785;27
1547;27
1357;27
1204;27
1082;27
985;27
907;27
845;27
795;27
755;27
723;27
697;27
677;27
660;27
647;27
637;27
628;27
622;27
616;27
612;27
609;27
606;27
604;27
602;27
601;27
599;27
599;27
598;27
597;27
597;27
596;27
596;27
596;27
596;27
596;27
595;27
595;27
595;27
595;27
595;27
595;27
595;27
595;27
595;27
595;27
595;27
595;27
595;27
595;27
595;27
595;27
595;27
595;27
595;27
595;27
595;27
595;27
595;27
595;27
595;27
595;27
595;27
595;27
595;27
595;27
595;27
595;27
595;27
595;27
595;27
595;27
595;27
595;27
595;27
595;27
595;27
595;27
595;27
595;27
595;27
595;27
595;27
595;27
595;27
595;27
595;27
595;27
595;27
595;27
595;27
595;27
595;27
595;27
595;27
595;27
595;27
595;27
595;27
595;27
595;27
595;27
595;27
595;27
595;27
595;27
595;27
595;27
595;27
595;27
595;27
595;27
595;27
595;27
595;27
595;27
595;27
595;27
595;27
595;27
595;27
595;27
595;27
595;27
595;27
595;27
595;27
595;27
595;27
595;27
595;27
595;27
595;27
595;27
595;27
569;27
692;27
832;27
917;27
909;27
731;27
704;27
682;27
665;27
651;27
640;27
631;27
624;27
618;27
613;27
610;27
607;27
604;27
602;27
601;27
600;27
599;27
598;27
597;27
597;27
597;27
596;27
596;27
596;27
596;27
596;27
595;27
787;27
1280;27
1724;27
2079;27
2363;27
2591;27
2757;27
2528;27
2141;27
1832;27
1585;27
1387;27
1228;27
1102;27
1000;27
919;27
854;27
803;27
761;27
728;27
701;27
680;27
663;27
649;27
639;27
630;27
623;27
617;27
613;27
609;27
606;27
604;27
602;27
601;27
600;27
599;27
598;27
597;27
597;27
597;27
596;27
596;27
596;27
596;27
596;27
595;27
595;27
595;27
595;27
595;27
595;27
595;27
595;27
595;27
595;27
595;27
595;27
595;27
595;27
595;27
595;27
595;27
595;27
595;27
595;27
595;27
595;27
595;27
595;27
595;27
595;27
595;27
595;27
595;27
595;27
595;27
595;27
595;27
595;27
595;27
595;27
595;27
595;27
595;27
595;27
595;27
595;27
595;27
595;27
595;27
595;27
595;27
595;27
595;27
595;27
595;27
595;27
595;27
595;27
595;27
595;27
595;27
595;27
595;27
595;27
547;27
557;27
564;27
571;27
575;27
579;27
582;27
585;27
587;27
589;27
590;27
591;27
592;27
592;27
593;27
593;27
594;27
594;27
594;27
594;27
594;27
595;27
595;27
595;27
595;27
595;27
595;27
595;27
595;27
595;27
595;27
595;27
595;27
595;27
595;27
595;27
595;27
595;27
595;27
595;27
595;27
595;27
595;27
595;27
595;27
595;27
595;27
595;27
595;27
595;27
595;27
595;27
595;27
595;27
595;27
595;27
595;27
595;27
595;27
595;27
595;27
595;27
595;27
595;27
595;27
595;27
595;27
595;27
595;27
595;27
595;27
595;27
595;27
595;27
595;27
595;27
595;27
595;27
595;27
595;27
595;27
595;27
595;27
595;27
595;27
595;27
595;27
595;27
595;27
595;27
595;27
595;27
881;27
1364;27
1791;27
2133;27
2406;27
2625;27
2800;27
2940;27
3052;27
3049;27
2791;27
2331;27
1984;27
1706;27
1484;27
1306;27
1164;27
1050;27
959;27
886;27
828;27
781;27
744;27
714;27
690;27
671;27
656;27
700;27
1260;27
1708;27
2066;27
2353;27
2582;27
2766;27
2913;27
3030;27
3124;27
3194;27
3003;27
2521;27
2136;27
1828;27
1581;27
1384;27
1226;27
1100;27
999;27
918;27
854;27
802;27
760;27
727;27
701;27
680;27
663;27
649;27
638;27
630;27
623;27
617;27
613;27
609;27
606;27
604;27
866;27
1309;27
1666;27
2033;27
2271;27
1900;27
1639;27
1430;27
1263;27
1129;27
1023;27
937;27
869;27
814;27
770;27
735;27
707;27
685;27
667;27
652;27
641;27
632;27
624;27
619;27
614;27
610;27
607;27
605;27
603;27
601;27
600;27
599;27
598;27
598;27
597;27
597;27
596;27
596;27
596;27
596;27
596;27
595;27
595;27
595;27
595;27
595;27
595;27
595;27
595;27
595;27
595;27
595;27
595;27
595;27
595;27
595;27
595;27
595;27
595;27
595;27
595;27
595;27
595;27
595;27
595;27
595;27
595;27
595;27
595;27
595;27
595;27
595;27
595;27
595;27
595;27
595;27
595;27
595;27
595;27
595;27
595;27
595;27
595;27
595;27
595;27
595;27
595;27
595;27
595;27
595;27
595;27
595;27
595;27
595;27
595;27
595;27
595;27
595;27
595;27
595;27
595;27
595;27
595;27
595;27
595;27
595;27
595;27
595;27
595;27
595;27
595;27
595;27
595;27
595;27
595;27
595;27
595;27
595;27
595;27
595;27
595;27
595;27
595;27
595;27
595;27
595;27
595;27
595;27
595;27
595;27
595;27
595;27
595;27
595;27
595;27
595;27
595;27
595;27
595;27
595;27
595;27
595;27
595;27
595;27
595;27
595;27
595;27
595;27
595;27
595;27
595;27
595;27
595;27
595;27
595;27
595;27
595;27
595;27
595;27
595;27
595;27
595;27
595;27
595;27
595;27
595;27
595;27
595;27
595;27
595;27
595;27
595;27
595;27
595;27
595;27
595;27
595;27
