3501;27
3501;27
3501;27
3501;27
3501;27
3501;27
3501;27
3501;27
3501;27
3501;27
3501;27
3501;27
3501;27
3501;27
3501;27
3501;27
3501;27
3501;27
3501;27
3501;27
3501;27
3501;27
3501;27
3501;27
3501;27
3501;27
3501;27
3501;27
3501;27
3501;27
3501;27
3501;27
3501;27
3501;27
3501;27
3501;27
3501;27
3501;27
3501;27
3501;27
3501;27
3501;27
3501;27
3501;27
3501;27
3501;27
3501;27
3501;27
3501;27
3501;27
3501;27
3501;27
3501;27
3501;27
3501;27
3501;27
3501;27
3501;27
3501;27
3414;27
3199;27
2830;27
2354;27
2002;27
1720;27
1495;27
1315;27
1171;27
1055;27
963;27
889;27
830;27
783;27
745;27
715;27
691;27
671;27
656;27
644;27
634;27
626;27
619;27
614;27
610;27
607;27
604;27
602;27
601;27
599;27
598;27
597;27
597;27
596;27
596;27
595;27
595;27
595;27
595;27
595;27
594;27
594;27
594;27
594;27
594;27
594;27
594;27
594;27
594;27
594;27
594;27
594;27
594;27
594;27
594;27
594;27
594;27
594;27
594;27
594;27
594;27
594;27
594;27
594;27
594;27
594;27
594;27
594;27
594;27
594;27
594;27
594;27
594;27
594;27
594;27
594;27
594;27
594;27
594;27
594;27
594;27
594;27
594;27
594;27
594;27
594;27
594;27
594;27
594;27
594;27
594;27
594;27
594;27
594;27
594;27
594;27
594;27
594;27
594;27
594;27
594;27
594;27
594;27
594;27
594;27
594;27
594;27
594;27
594;27
594;27
594;27
594;27
594;27
594;27
594;27
594;27
594;27
594;27
1047;27
1410;27
1694;27
1921;27
2097;27
2231;27
2341;27
2424;27
2488;27
2534;27
2565;27
2592;27
2600;27
2600;27
2593;27
2581;27
2563;27
2544;27
2522;27
2503;27
2482;27
2458;27
2436;27
2417;27
2395;27
2372;27
2346;27
2315;27
2282;27
2246;27
2216;27
2183;27
2150;27
2108;27
2063;27
2012;27
1960;27
1905;27
1843;27
1778;27
1720;27
1662;27
1606;27
1550;27
1498;27
1444;27
1373;27
1288;27
1164;27
1013;27
869;27
696;27
581;27
521;27
498;27
509;27
526;27
540;27
550;27
559;27
566;27
572;27
576;27
580;27
583;27
585;27
587;27
588;27
589;27
590;27
591;27
592;27
592;27
592;27
593;27
593;27
593;27
593;27
593;27
594;27
594;27
594;27
594;27
594;27
594;27
594;27
594;27
594;27
594;27
594;27
594;27
594;27
594;27
594;27
594;27
594;27
594;27
594;27
594;27
594;27
594;27
594;27
594;27
594;27
594;27
594;27
594;27
594;27
594;27
594;27
594;27
594;27
594;27
594;27
594;27
594;27
594;27
594;27
594;27
594;27
594;27
594;27
594;27
594;27
594;27
594;27
594;27
594;27
594;27
594;27
594;27
594;27
594;27
594;27
594;27
594;27
594;27
594;27
594;27
594;27
594;27
594;27
594;27
594;27
594;27
594;27
594;27
594;27
594;27
594;27
594;27
594;27
594;27
594;27
594;27
594;27
594;27
594;27
594;27
594;27
594;27
594;27
594;27
594;27
594;27
594;27
594;27
594;27
594;27
594;27
594;27
594;27
594;27
594;27
594;27
594;27
594;27
594;27
594;27
594;27
594;27
594;27
594;27
594;27
594;27
594;27
594;27
594;27
594;27
594;27
594;27
594;27
594;27
594;27
594;27
594;27
594;27
594;27
594;27
594;27
594;27
594;27
594;27
594;27
594;27
594;27
594;27
594;27
594;27
981;27
1289;27
1544;27
1744;27
1897;27
2010;27
2100;27
2171;27
2227;27
2264;27
2285;27
2289;27
2295;27
2278;27
2262;27
2231;27
2197;27
2174;27
2141;27
2106;27
2065;27
2020;27
1974;27
1927;27
1889;27
1849;27
1808;27
1768;27
1722;27
1684;27
1650;27
1608;27
1564;27
1744;27
1874;27
1971;27
1768;27
1603;27
1457;27
1321;27
1202;27
1086;27
985;27
885;27
790;27
696;27
614;27
554;27
824;27
1019;27
1162;27
1267;27
1340;27
1373;27
1401;27
1239;27
1110;27
1007;27
924;27
858;27
805;27
763;27
729;27
702;27
681;27
663;27
649;27
638;27
629;27
622;27
617;27
612;27
609;27
606;27
603;27
601;27
600;27
599;27
598;27
597;27
596;27
596;27
596;27
595;27
595;27
595;27
595;27
595;27
594;27
594;27
594;27
594;27
594;27
594;27
594;27
594;27
594;27
594;27
594;27
594;27
594;27
594;27
594;27
594;27
594;27
594;27
594;27
594;27
594;27
594;27
594;27
594;27
594;27
594;27
594;27
594;27
594;27
594;27
594;27
594;27
594;27
594;27
594;27
594;27
594;27
594;27
594;27
594;27
594;27
594;27
594;27
594;27
594;27
594;27
594;27
594;27
594;27
594;27
594;27
594;27
594;27
594;27
594;27
594;27
594;27
594;27
594;27
594;27
594;27
594;27
594;27
594;27
594;27
594;27
594;27
594;27
594;27
594;27
594;27
594;27
594;27
565;27
571;27
557;27
763;27
971;27
1132;27
1343;27
1590;27
1739;27
1647;27
1350;27
1176;27
1060;27
967;27
892;27
832;27
785;27
747;27
716;27
692;27
672;27
657;27
644;27
634;27
626;27
620;27
614;27
610;27
607;27
604;27
602;27
601;27
599;27
598;27
597;27
597;27
596;27
596;27
595;27
595;27
595;27
595;27
595;27
594;27
594;27
594;27
594;27
594;27
594;27
594;27
594;27
594;27
594;27
594;27
594;27
594;27
594;27
594;27
594;27
594;27
594;27
594;27
594;27
594;27
594;27
594;27
594;27
594;27
594;27
594;27
594;27
594;27
594;27
594;27
594;27
594;27
594;27
594;27
594;27
594;27
594;27
594;27
594;27
594;27
594;27
594;27
594;27
594;27
594;27
594;27
594;27
594;27
594;27
594;27
594;27
493;27
596;27
775;27
934;27
1105;27
1315;27
1525;27
1680;27
1855;27
1978;27
2023;27
2011;27
1956;27
1746;27
1557;27
1345;27
1109;27
912;27
763;27
652;27
545;27
555;27
562;27
569;27
574;27
578;27
581;27
584;27
586;27
587;27
589;27
590;27
591;27
591;27
592;27
592;27
593;27
593;27
593;27
593;27
593;27
594;27
594;27
594;27
594;27
594;27
594;27
594;27
594;27
594;27
594;27
594;27
594;27
594;27
594;27
594;27
594;27
594;27
594;27
594;27
594;27
594;27
594;27
594;27
664;27
825;27
902;27
937;27
960;27
996;27
1078;27
1175;27
1283;27
1356;27
1430;27
1463;27
1521;27
1582;27
1611;27
1672;27
1725;27
1750;27
1770;27
1810;27
1836;27
1906;27
1978;27
2045;27
2116;27
2201;27
2302;27
2388;27
2463;27
2553;27
2634;27
2727;27
2817;27
2908;27
2956;27
2973;27
2934;27
2908;27
2844;27
2720;27
2628;27
2469;27
2313;27
2183;27
1956;27
1754;27
1584;27
1424;27
1248;27
1103;27
1011;27
1105;27
1208;27
1289;27
1337;27
1386;27
1388;27
1388;27
1353;27
1322;27
1332;27
1434;27
1669;27
1940;27
1671;27
1456;27
1283;27
1145;27
1035;27
947;27
876;27
820;27
775;27
739;27
710;27
687;27
668;27
653;27
641;27
632;27
624;27
618;27
613;27
610;27
606;27
604;27
602;27
600;27
1110;27
1543;27
1910;27
2164;27
2325;27
2422;27
2476;27
2387;27
2312;27
2258;27
2208;27
2155;27
2099;27
2037;27
1983;27
1924;27
1871;27
1820;27
1770;27
1736;27
1687;27
1630;27
1571;27
1518;27
1460;27
1406;27
1347;27
1288;27
1224;27
1156;27
1094;27
1020;27
956;27
884;27
801;27
717;27
630;27
540;27
457;27
381;27
327;27
317;27
349;27
398;27
437;27
469;27
494;27
514;27
530;27
543;27
553;27
561;27
568;27
573;27
577;27
581;27
583;27
585;27
587;27
588;27
590;27
590;27
591;27
592;27
592;27
593;27
593;27
593;27
593;27
593;27
594;27
594;27
594;27
594;27
594;27
594;27
594;27
594;27
594;27
594;27
594;27
594;27
594;27
594;27
594;27
594;27
594;27
594;27
594;27
594;27
594;27
594;27
594;27
594;27
594;27
594;27
594;27
594;27
594;27
594;27
594;27
594;27
594;27
594;27
594;27
594;27
594;27
594;27
594;27
594;27
594;27
594;27
594;27
594;27
594;27
594;27
594;27
594;27
594;27
594;27
594;27
594;27
594;27
594;27
594;27
594;27
594;27
594;27
594;27
594;27
594;27
594;27
594;27
594;27
594;27
594;27
594;27
594;27
594;27
594;27
594;27
594;27
594;27
594;27
594;27
594;27
594;27
594;27
594;27
594;27
594;27
594;27
594;27
594;27
594;27
594;27
594;27
594;27
594;27
594;27
594;27
594;27
594;27
594;27
594;27
594;27
594;27
594;27
594;27
594;27
594;27
594;27
594;27
594;27
594;27
594;27
594;27
594;27
594;27
594;27
594;27
594;27
594;27
594;27
594;27
594;27
594;27
594;27
594;27
594;27
594;27
594;27
594;27
594;27
594;27
594;27
594;27
594;27
594;27
657;27
1025;27
1312;27
1536;27
1705;27
1842;27
1942;27
2014;27
2064;27
2105;27
2123;27
2129;27
2130;27
2121;27
2105;27
2083;27
2054;27
2024;27
1990;27
1956;27
1921;27
1885;27
1849;27
1813;27
1779;27
1742;27
1700;27
1650;27
1597;27
1545;27
1490;27
1441;27
1396;27
1341;27
1284;27
1219;27
1163;27
1091;27
1023;27
952;27
875;27
795;27
713;27
629;27
537;27
450;27
368;27
321;27
333;27
380;27
423;27
457;27
484;27
506;27
524;27
538;27
549;27
558;27
565;27
571;27
576;27
579;27
582;27
585;27
586;27
588;27
589;27
590;27
591;27
592;27
592;27
592;27
593;27
593;27
593;27
593;27
593;27
594;27
594;27
594;27
594;27
594;27
594;27
594;27
594;27
594;27
594;27
594;27
594;27
594;27
594;27
594;27
594;27
594;27
594;27
594;27
594;27
594;27
594;27
594;27
594;27
594;27
594;27
594;27
594;27
594;27
594;27
594;27
594;27
594;27
594;27
594;27
594;27
594;27
594;27
594;27
594;27
594;27
594;27
594;27
594;27
594;27
594;27
594;27
594;27
594;27
594;27
594;27
594;27
594;27
594;27
594;27
594;27
594;27
594;27
594;27
594;27
594;27
594;27
594;27
594;27
594;27
594;27
594;27
594;27
594;27
594;27
594;27
594;27
594;27
594;27
594;27
594;27
594;27
594;27
594;27
594;27
594;27
594;27
594;27
594;27
594;27
594;27
594;27
594;27
594;27
594;27
594;27
594;27
594;27
594;27
594;27
594;27
594;27
594;27
594;27
594;27
594;27
594;27
594;27
594;27
594;27
594;27
594;27
594;27
594;27
594;27
594;27
594;27
594;27
594;27
594;27
594;27
594;27
594;27
594;27
594;27
594;27
594;27
594;27
594;27
594;27
594;27
594;27
594;27
594;27
594;27
594;27
594;27
594;27
594;27
594;27
594;27
594;27
629;27
989;27
1271;27
1493;27
1666;27
1802;27
1902;27
1979;27
2034;27
2071;27
2091;27
2103;27
2246;27
2358;27
2444;27
2503;27
2548;27
2473;27
2514;27
2536;27
2540;27
2518;27
2500;27
2486;27
2461;27
2279;27
2319;27
2325;27
2328;27
2322;27
2337;27
2346;27
2294;27
2261;27
2274;27
2273;27
2261;27
2250;27
2230;27
2189;27
2155;27
2101;27
2061;27
2022;27
1967;27
1910;27
1864;27
1821;27
1777;27
1771;27
1762;27
1761;27
1749;27
1738;27
1713;27
1683;27
1649;27
1594;27
1557;27
1519;27
1479;27
1426;27
1363;27
1314;27
1219;27
1176;27
1104;27
1011;27
929;27
835;27
733;27
608;27
490;27
444;27
470;27
495;27
515;27
531;27
543;27
553;27
452;27
362;27
408;27
446;27
476;27
499;27
519;27
534;27
546;27
556;27
564;27
570;27
575;27
579;27
582;27
585;27
587;27
588;27
590;27
591;27
592;27
592;27
593;27
593;27
594;27
594;27
594;27
594;27
594;27
595;27
595;27
595;27
595;27
595;27
595;27
595;27
595;27
595;27
595;27
595;27
595;27
595;27
595;27
595;27
595;27
595;27
595;27
595;27
595;27
595;27
595;27
595;27
595;27
595;27
595;27
595;27
595;27
595;27
595;27
595;27
595;27
595;27
595;27
595;27
595;27
595;27
595;27
595;27
595;27
595;27
595;27
595;27
595;27
595;27
595;27
595;27
595;27
595;27
595;27
595;27
595;27
595;27
595;27
595;27
595;27
552;27
457;27
409;27
452;27
543;27
686;27
824;27
1018;27
1292;27
1628;27
1950;27
2244;27
2487;27
2645;27
2666;27
2635;27
2493;27
2321;27
2096;27
1853;27
1597;27
1331;27
1087;27
977;27
900;27
839;27
790;27
751;27
720;27
695;27
675;27
659;27
646;27
636;27
628;27
621;27
616;27
612;27
608;27
606;27
604;27
602;27
600;27
599;27
599;27
598;27
597;27
597;27
596;27
596;27
596;27
596;27
596;27
595;27
595;27
595;27
595;27
595;27
595;27
595;27
595;27
595;27
595;27
595;27
595;27
595;27
595;27
595;27
595;27
595;27
595;27
595;27
595;27
595;27
595;27
595;27
595;27
595;27
595;27
595;27
595;27
595;27
595;27
595;27
595;27
595;27
595;27
595;27
595;27
595;27
595;27
595;27
595;27
595;27
595;27
595;27
595;27
595;27
595;27
595;27
595;27
595;27
595;27
595;27
595;27
595;27
595;27
595;27
595;27
595;27
595;27
595;27
595;27
595;27
595;27
595;27
481;27
485;27
598;27
823;27
1062;27
1284;27
1492;27
1734;27
1956;27
2187;27
2404;27
2563;27
2702;27
2769;27
2714;27
2614;27
2446;27
2227;27
2023;27
1807;27
1546;27
1334;27
1080;27
899;27
735;27
707;27
684;27
577;27
1063;27
850;27
799;27
758;27
726;27
699;27
679;27
662;27
648;27
638;27
629;27
622;27
617;27
613;27
609;27
606;27
604;27
602;27
601;27
600;27
599;27
598;27
597;27
597;27
597;27
596;27
596;27
596;27
596;27
595;27
595;27
595;27
595;27
595;27
595;27
595;27
595;27
595;27
595;27
595;27
595;27
595;27
595;27
595;27
595;27
595;27
595;27
595;27
595;27
595;27
595;27
595;27
595;27
595;27
595;27
595;27
595;27
595;27
595;27
595;27
595;27
595;27
595;27
595;27
595;27
595;27
595;27
595;27
595;27
595;27
595;27
595;27
595;27
595;27
595;27
595;27
595;27
595;27
595;27
595;27
595;27
595;27
595;27
595;27
595;27
595;27
595;27
595;27
595;27
595;27
595;27
595;27
595;27
595;27
595;27
595;27
595;27
595;27
595;27
595;27
595;27
595;27
595;27
595;27
595;27
595;27
595;27
595;27
595;27
595;27
595;27
595;27
595;27
595;27
595;27
595;27
595;27
595;27
595;27
595;27
595;27
595;27
595;27
595;27
595;27
595;27
595;27
595;27
595;27
595;27
595;27
595;27
595;27
595;27
595;27
595;27
595;27
595;27
595;27
595;27
595;27
595;27
595;27
595;27
595;27
595;27
595;27
595;27
595;27
595;27
595;27
595;27
595;27
595;27
595;27
595;27
595;27
984;27
1290;27
1531;27
1717;27
1860;27
1969;27
2051;27
2108;27
2145;27
2172;27
2189;27
2198;27
2199;27
2192;27
2179;27
2161;27
2138;27
2119;27
2097;27
2076;27
2050;27
2021;27
1991;27
1957;27
1921;27
1888;27
1849;27
1816;27
1785;27
1752;27
1714;27
1677;27
1638;27
1599;27
1559;27
1521;27
1480;27
1451;27
1413;27
1372;27
1333;27
1333;27
1433;27
1639;27
1873;27
2102;27
2282;27
2427;27
2542;27
2639;27
2718;27
2788;27
2859;27
2932;27
3013;27
3101;27
3181;27
3245;27
3296;27
3337;27
3369;27
3395;27
3416;27
3433;27
3446;27
3457;27
3466;27
3473;27
3478;27
3482;27
3486;27
3489;27
3491;27
3493;27
3494;27
3495;27
3496;27
3497;27
3498;27
3498;27
3498;27
3499;27
3499;27
3499;27
3499;27
3500;27
3500;27
3500;27
3500;27
3500;27
3500;27
3500;27
3500;27
3500;27
3500;27
3500;27
3500;27
3500;27
3500;27
3500;27
3500;27
3500;27
3500;27
3500;27
3500;27
3500;27
3500;27
3500;27
3500;27
3500;27
3500;27
3500;27
3500;27
3500;27
3500;27
3500;27
3500;27
3500;27
3500;27
3500;27
3500;27
3500;27
3500;27
3500;27
3500;27
3500;27
3500;27
3500;27
3500;27
3500;27
3500;27
3500;27
3500;27
3500;27
3500;27
3500;27
3500;27
3500;27
3500;27
3500;27
3500;27
3500;27
3500;27
3500;27
3500;27
3500;27
3500;27
3500;27
3500;27
3500;27
3500;27
3500;27
3500;27
3500;27
3500;27
3500;27
3500;27
3500;27
3500;27
3500;27
3500;27
3500;27
3500;27
3500;27
3500;27
3500;27
3500;27
3500;27
3500;27
3500;27
3500;27
3500;27
3500;27
3500;27
3500;27
3500;27
3500;27
3500;27
3500;27
3500;27
3500;27
3500;27
3500;27
3500;27
3500;27
3500;27
3500;27
3500;27
3500;27
3500;27
3500;27
3500;27
3500;27
3500;27
3500;27
3500;27
3500;27
3500;27
3500;27
3500;27
3500;27
3500;27
3500;27
3500;27
3500;27
3500;27
3500;27
2893;27
2433;27
2066;27
1772;27
1536;27
1348;27
1197;27
1077;27
981;27
903;27
842;27
792;27
753;27
721;27
696;27
676;27
660;27
647;27
636;27
628;27
621;27
616;27
612;27
609;27
606;27
604;27
602;27
601;27
599;27
599;27
598;27
597;27
597;27
596;27
596;27
596;27
596;27
596;27
595;27
595;27
595;27
595;27
595;27
595;27
975;27
1275;27
1511;27
1696;27
1840;27
1951;27
2032;27
2091;27
2133;27
2161;27
2176;27
2184;27
2183;27
2178;27
2167;27
2153;27
2137;27
2116;27
2092;27
2069;27
2045;27
2011;27
1977;27
1940;27
1904;27
1868;27
1833;27
1798;27
1762;27
1723;27
1698;27
1658;27
1618;27
1573;27
1526;27
1478;27
1428;27
1380;27
1332;27
1283;27
1233;27
1189;27
1140;27
1087;27
1035;27
988;27
932;27
873;27
810;27
752;27
688;27
626;27
554;27
478;27
400;27
325;27
283;27
282;27
317;27
373;27
417;27
453;27
481;27
504;27
522;27
537;27
548;27
558;27
565;27
571;27
576;27
580;27
583;27
585;27
587;27
589;27
590;27
591;27
592;27
592;27
593;27
593;27
594;27
594;27
594;27
594;27
594;27
595;27
595;27
595;27
595;27
595;27
595;27
595;27
595;27
595;27
595;27
595;27
595;27
595;27
595;27
595;27
595;27
595;27
595;27
595;27
595;27
595;27
595;27
595;27
595;27
595;27
595;27
595;27
595;27
595;27
595;27
595;27
595;27
595;27
595;27
595;27
595;27
595;27
595;27
595;27
595;27
595;27
595;27
595;27
595;27
595;27
595;27
595;27
595;27
595;27
595;27
595;27
595;27
595;27
595;27
595;27
595;27
595;27
595;27
595;27
595;27
595;27
595;27
595;27
595;27
595;27
595;27
595;27
595;27
595;27
595;27
595;27
595;27
595;27
595;27
595;27
595;27
595;27
595;27
595;27
595;27
595;27
595;27
595;27
595;27
595;27
595;27
595;27
595;27
595;27
595;27
595;27
595;27
595;27
595;27
595;27
595;27
889;27
1411;27
1829;27
2163;27
2431;27
2644;27
2816;27
2952;27
3062;27
3150;27
3220;27
3276;27
3321;27
3356;27
3385;27
3408;27
3427;27
3441;27
3453;27
3462;27
3470;27
3476;27
3481;27
3485;27
3488;27
3490;27
3492;27
3494;27
3495;27
3496;27
3497;27
3497;27
3498;27
3498;27
3499;27
3499;27
3499;27
3499;27
3499;27
3500;27
3500;27
3500;27
3500;27
3500;27
3500;27
3500;27
3500;27
3500;27
3500;27
3500;27
3500;27
3500;27
3500;27
3500;27
3500;27
3500;27
3500;27
3500;27
3500;27
3500;27
3500;27
3500;27
3500;27
3500;27
3500;27
3500;27
3500;27
3500;27
3500;27
3500;27
3500;27
3500;27
3500;27
3500;27
3500;27
3500;27
3500;27
3500;27
3500;27
3500;27
3500;27
3500;27
3500;27
3500;27
3500;27
3500;27
3500;27
3500;27
3500;27
3500;27
3500;27
3500;27
3500;27
3500;27
3500;27
3500;27
3500;27
3500;27
3500;27
3500;27
3500;27
3500;27
3500;27
3500;27
3500;27
3500;27
3500;27
3500;27
3500;27
3500;27
3500;27
3500;27
3500;27
3500;27
3500;27
3500;27
3500;27
3500;27
3500;27
3500;27
3500;27
3500;27
3500;27
3500;27
3500;27
3500;27
3500;27
3500;27
3500;27
3500;27
3500;27
3500;27
3500;27
3500;27
3500;27
3500;27
3500;27
3500;27
3500;27
3500;27
3500;27
3500;27
3500;27
3500;27
3500;27
3500;27
3500;27
3500;27
3500;27
3500;27
3500;27
3500;27
3500;27
3500;27
3500;27
3500;27
3500;27
3500;27
3500;27
3500;27
3500;27
3500;27
3500;27
3500;27
3500;27
3500;27
3500;27
3500;27
3500;27
3500;27
3500;27
3500;27
3500;27
3500;27
3500;27
3500;27
3500;27
3500;27
3500;27
3463;27
3321;27
3026;27
2538;27
2149;27
1838;27
1590;27
1391;27
1232;27
1104;27
1002;27
921;27
856;27
804;27
