595;27
595;27
595;27
595;27
595;27
595;27
595;27
595;27
595;27
595;27
595;27
595;27
595;27
595;27
595;27
595;27
595;27
595;27
595;27
595;27
595;27
595;27
595;27
595;27
595;27
595;27
595;27
595;27
595;27
595;27
595;27
595;27
595;27
595;27
595;27
595;27
595;27
595;27
595;27
595;27
595;27
595;27
595;27
595;27
595;27
595;27
595;27
595;27
595;27
595;27
595;27
595;27
595;27
595;27
595;27
595;27
595;27
595;27
595;27
595;27
595;27
595;27
595;27
595;27
595;27
595;27
595;27
595;27
595;27
595;27
595;27
595;27
595;27
595;27
595;27
595;27
595;27
595;27
595;27
595;27
595;27
595;27
595;27
595;27
595;27
595;27
595;27
595;27
595;27
595;27
595;27
595;27
595;27
595;27
595;27
595;27
595;27
595;27
595;27
595;27
595;27
595;27
595;27
595;27
595;27
595;27
595;27
595;27
595;27
595;27
595;27
595;27
595;27
595;27
595;27
595;27
595;27
595;27
595;27
595;27
595;27
595;27
595;27
595;27
595;27
595;27
595;27
595;27
595;27
595;27
595;27
595;27
595;27
595;27
595;27
595;27
595;27
595;27
595;27
595;27
595;27
595;27
595;27
595;27
595;27
595;27
595;27
595;27
595;27
595;27
595;27
595;27
595;27
595;27
595;27
595;27
595;27
743;27
907;27
1148;27
1403;27
1713;27
2025;27
2320;27
2556;27
2745;27
2896;27
3017;27
3113;27
3191;27
3253;27
3302;27
3342;27
3373;27
3399;27
3419;27
3435;27
3448;27
3458;27
3467;27
3473;27
3479;27
3483;27
3486;27
3489;27
3491;27
3493;27
3494;27
3496;27
3496;27
3497;27
3498;27
3498;27
3499;27
3499;27
3499;27
3499;27
3499;27
3500;27
3500;27
3500;27
3500;27
3500;27
3500;27
3500;27
3500;27
3500;27
3500;27
3500;27
3500;27
3500;27
3500;27
3500;27
3500;27
3500;27
3500;27
3500;27
3500;27
3500;27
3500;27
3500;27
3500;27
3500;27
3500;27
3500;27
3500;27
3500;27
3500;27
3500;27
3500;27
3500;27
3500;27
3500;27
3500;27
3500;27
3500;27
3500;27
3500;27
3500;27
3500;27
3500;27
3500;27
3500;27
3500;27
3500;27
3500;27
3500;27
3500;27
3500;27
3500;27
3500;27
3500;27
3500;27
3500;27
3500;27
3500;27
3500;27
3500;27
3500;27
3500;27
3500;27
3500;27
3500;27
3500;27
3500;27
3500;27
3500;27
3500;27
3500;27
3500;27
3500;27
3500;27
3500;27
3500;27
2875;27
2419;27
2054;27
1763;27
1529;27
1342;27
1193;27
1073;27
978;27
901;27
840;27
791;27
752;27
720;27
695;27
675;27
659;27
646;27
636;27
628;27
621;27
616;27
612;27
608;27
606;27
604;27
602;27
601;27
599;27
599;27
598;27
597;27
597;27
596;27
596;27
596;27
596;27
596;27
595;27
595;27
595;27
595;27
595;27
595;27
595;27
595;27
595;27
595;27
595;27
595;27
595;27
595;27
595;27
595;27
595;27
595;27
595;27
595;27
595;27
595;27
595;27
595;27
595;27
595;27
595;27
595;27
595;27
595;27
595;27
595;27
595;27
585;27
1168;27
1635;27
2008;27
2306;27
2545;27
2736;27
2889;27
3011;27
3109;27
3187;27
3250;27
3300;27
3340;27
3372;27
3397;27
3418;27
3434;27
3447;27
3458;27
3466;27
3473;27
3478;27
3483;27
3486;27
3489;27
3491;27
3493;27
3494;27
3495;27
3496;27
3497;27
3498;27
3498;27
3499;27
3499;27
3499;27
3499;27
3499;27
3500;27
3500;27
3500;27
3500;27
3500;27
3500;27
3500;27
3500;27
3500;27
3500;27
3500;27
3500;27
3500;27
3500;27
3500;27
3500;27
3500;27
3500;27
3500;27
3500;27
3500;27
3500;27
3500;27
3500;27
3500;27
3500;27
3500;27
3500;27
3500;27
3500;27
3500;27
3500;27
3500;27
3500;27
3500;27
3500;27
3500;27
3500;27
3500;27
3500;27
3500;27
3500;27
3500;27
3500;27
3500;27
3500;27
3500;27
3500;27
3500;27
3500;27
3500;27
3500;27
3500;27
3495;27
3479;27
3477;27
3460;27
3438;27
3415;27
3394;27
3380;27
3386;27
3409;27
3427;27
3442;27
3453;27
3463;27
3470;27
3476;27
3481;27
3485;27
3488;27
3490;27
3492;27
3494;27
3495;27
3480;27
3423;27
3318;27
3141;27
2885;27
2515;27
2022;27
1737;27
1509;27
1326;27
1180;27
1063;27
969;27
894;27
834;27
787;27
748;27
718;27
693;27
673;27
658;27
645;27
635;27
627;27
621;27
616;27
611;27
608;27
606;27
603;27
602;27
600;27
599;27
598;27
598;27
597;27
597;27
596;27
596;27
596;27
596;27
596;27
595;27
595;27
595;27
595;27
595;27
595;27
595;27
595;27
595;27
595;27
595;27
595;27
595;27
595;27
595;27
595;27
595;27
595;27
595;27
595;27
595;27
595;27
595;27
595;27
595;27
595;27
595;27
595;27
595;27
595;27
595;27
595;27
595;27
595;27
595;27
595;27
595;27
595;27
595;27
595;27
595;27
595;27
595;27
595;27
595;27
595;27
595;27
595;27
595;27
595;27
595;27
595;27
595;27
595;27
595;27
595;27
595;27
595;27
595;27
595;27
595;27
595;27
595;27
595;27
595;27
595;27
595;27
595;27
595;27
595;27
595;27
595;27
595;27
595;27
595;27
595;27
595;27
595;27
595;27
595;27
595;27
595;27
595;27
595;27
595;27
595;27
595;27
595;27
595;27
595;27
595;27
595;27
595;27
595;27
595;27
595;27
595;27
595;27
595;27
595;27
595;27
595;27
595;27
595;27
595;27
595;27
595;27
595;27
595;27
595;27
595;27
595;27
595;27
595;27
595;27
595;27
595;27
595;27
595;27
595;27
595;27
595;27
526;27
503;27
465;27
415;27
404;27
429;27
462;27
489;27
510;27
527;27
540;27
551;27
560;27
567;27
573;27
577;27
581;27
584;27
586;27
588;27
589;27
590;27
591;27
592;27
593;27
593;27
593;27
594;27
594;27
594;27
594;27
594;27
595;27
595;27
595;27
595;27
595;27
595;27
595;27
595;27
595;27
595;27
595;27
595;27
595;27
595;27
595;27
595;27
595;27
595;27
595;27
595;27
763;27
1232;27
1685;27
2048;27
2339;27
2571;27
2757;27
2905;27
3024;27
3119;27
3196;27
3256;27
3305;27
3344;27
3375;27
3400;27
3420;27
3436;27
3449;27
3459;27
3467;27
3474;27
3479;27
3483;27
3487;27
3489;27
3491;27
3493;27
3495;27
3496;27
3496;27
3497;27
3498;27
3498;27
3499;27
3499;27
3499;27
3499;27
3499;27
3500;27
3500;27
3500;27
3500;27
3500;27
3500;27
3500;27
3500;27
3500;27
3500;27
3500;27
3500;27
3500;27
3500;27
3500;27
3500;27
3500;27
3500;27
3500;27
3500;27
3500;27
3500;27
3500;27
3500;27
3500;27
3500;27
3500;27
3500;27
3500;27
3500;27
3500;27
3500;27
3500;27
3500;27
3500;27
3500;27
3500;27
3500;27
3500;27
3500;27
3500;27
3500;27
3500;27
3500;27
3500;27
3500;27
3500;27
3500;27
3500;27
3500;27
3500;27
3500;27
3500;27
3500;27
3500;27
3500;27
3500;27
3500;27
3500;27
3500;27
3500;27
3500;27
3500;27
3500;27
3500;27
3500;27
3500;27
3500;27
3500;27
3500;27
3500;27
3500;27
3500;27
3500;27
3500;27
3500;27
3500;27
3500;27
3500;27
3500;27
3500;27
3500;27
3500;27
3500;27
3500;27
3500;27
3500;27
3500;27
3500;27
3500;27
3500;27
3500;27
3500;27
3500;27
3500;27
3500;27
3500;27
3500;27
3500;27
3500;27
3500;27
3500;27
3500;27
3500;27
3500;27
3500;27
3500;27
3500;27
3500;27
3500;27
3500;27
3500;27
3500;27
3500;27
3500;27
3500;27
3500;27
3500;27
3500;27
3500;27
3500;27
3500;27
3500;27
3500;27
3500;27
3500;27
3500;27
3500;27
3500;27
3500;27
3500;27
3500;27
3500;27
3500;27
3500;27
3500;27
3500;27
3500;27
3500;27
3500;27
3500;27
3500;27
3500;27
3500;27
3500;27
3500;27
3500;27
3500;27
3500;27
3500;27
3500;27
3500;27
3500;27
3500;27
3500;27
3500;27
3500;27
3500;27
3500;27
3500;27
3500;27
3500;27
3500;27
3500;27
3500;27
3500;27
3500;27
3500;27
3500;27
3500;27
3500;27
3500;27
3500;27
3500;27
3500;27
3500;27
3500;27
3500;27
3500;27
3500;27
3500;27
3500;27
3500;27
3500;27
3500;27
3500;27
3500;27
3500;27
3500;27
3500;27
3500;27
