2385;27
2375;27
2364;27
2348;27
2332;27
2317;27
2301;27
2287;27
2274;27
2258;27
2243;27
2227;27
2213;27
2198;27
2180;27
2167;27
2150;27
2137;27
2119;27
2099;27
2079;27
2058;27
2036;27
2035;27
2255;27
2505;27
2705;27
2865;27
2994;27
3096;27
3178;27
3244;27
3296;27
3338;27
3372;27
3399;27
3420;27
3437;27
3451;27
3462;27
3471;27
3478;27
3483;27
3488;27
3492;27
3494;27
3497;27
3499;27
3500;27
3501;27
3502;27
3503;27
3504;27
3504;27
3504;27
3505;27
3505;27
3505;27
3505;27
3505;27
3506;27
3506;27
3506;27
3506;27
3506;27
3506;27
3506;27
3506;27
3506;27
3506;27
3506;27
3506;27
3506;27
3506;27
3506;27
3506;27
3506;27
3506;27
3506;27
3506;27
3506;27
3506;27
3506;27
3506;27
3506;27
3506;27
3506;27
3506;27
3506;27
3506;27
3506;27
3506;27
3506;27
3506;27
3506;27
3506;27
3506;27
3506;27
3506;27
3506;27
3506;27
3506;27
3506;27
3506;27
3506;27
3506;27
3506;27
3506;27
3506;27
3506;27
3506;27
3506;27
3506;27
3506;27
3506;27
3506;27
3506;27
3506;27
3506;27
3506;27
3506;27
3506;27
3506;27
3506;27
3506;27
3506;27
3506;27
3506;27
3506;27
3506;27
3506;27
3441;27
3228;27
2839;27
2272;27
1936;27
1667;27
1451;27
1279;27
1141;27
1031;27
943;27
872;27
816;27
771;27
734;27
706;27
682;27
664;27
649;27
637;27
628;27
620;27
614;27
609;27
606;27
602;27
600;27
598;27
596;27
595;27
594;27
593;27
593;27
592;27
592;27
591;27
591;27
591;27
591;27
591;27
590;27
590;27
590;27
590;27
590;27
590;27
590;27
590;27
590;27
590;27
590;27
590;27
590;27
590;27
590;27
590;27
590;27
590;27
590;27
590;27
590;27
590;27
590;27
590;27
590;27
590;27
590;27
590;27
590;27
590;27
590;27
590;27
590;27
590;27
590;27
590;27
590;27
590;27
590;27
590;27
590;27
590;27
590;27
590;27
590;27
590;27
590;27
590;27
590;27
590;27
590;27
590;27
590;27
590;27
590;27
590;27
590;27
590;27
590;27
590;27
590;27
590;27
590;27
590;27
590;27
590;27
590;27
590;27
590;27
590;27
590;27
590;27
590;27
590;27
590;27
590;27
590;27
590;27
590;27
590;27
590;27
590;27
590;27
590;27
590;27
590;27
590;27
590;27
590;27
590;27
590;27
590;27
590;27
590;27
590;27
590;27
590;27
590;27
590;27
590;27
590;27
590;27
590;27
590;27
590;27
590;27
590;27
590;27
590;27
590;27
590;27
590;27
590;27
590;27
590;27
590;27
590;27
590;27
590;27
590;27
590;27
590;27
590;27
590;27
590;27
590;27
590;27
590;27
590;27
590;27
590;27
590;27
590;27
590;27
590;27
590;27
590;27
590;27
590;27
590;27
590;27
590;27
590;27
590;27
590;27
590;27
590;27
590;27
590;27
590;27
590;27
590;27
590;27
590;27
590;27
590;27
590;27
590;27
590;27
590;27
590;27
590;27
590;27
590;27
590;27
590;27
590;27
590;27
590;27
590;27
590;27
590;27
590;27
590;27
590;27
590;27
590;27
590;27
590;27
590;27
590;27
590;27
590;27
590;27
590;27
590;27
590;27
590;27
590;27
590;27
590;27
590;27
590;27
590;27
590;27
590;27
590;27
590;27
590;27
590;27
590;27
590;27
590;27
590;27
590;27
590;27
590;27
590;27
590;27
616;27
999;27
1305;27
1550;27
1741;27
1895;27
2018;27
2108;27
2177;27
2229;27
2269;27
2296;27
2317;27
2334;27
2341;27
2350;27
2353;27
2355;27
2350;27
2344;27
2334;27
2323;27
2308;27
2297;27
2282;27
2274;27
2263;27
2252;27
2235;27
2222;27
2206;27
2185;27
2164;27
2142;27
2116;27
2090;27
2066;27
2042;27
2017;27
1997;27
1974;27
1951;27
1927;27
1905;27
1881;27
1864;27
1846;27
1829;27
1809;27
1793;27
1774;27
1758;27
1740;27
1723;27
1704;27
1682;27
1663;27
1645;27
1745;27
2024;27
2321;27
2557;27
2747;27
2899;27
3020;27
3117;27
3194;27
3257;27
3306;27
3346;27
3378;27
3403;27
3424;27
3440;27
3453;27
3463;27
3472;27
3478;27
3484;27
3488;27
3491;27
3494;27
3496;27
3498;27
3499;27
3501;27
3501;27
3502;27
3503;27
3503;27
3504;27
3504;27
3504;27
3504;27
3504;27
3505;27
3505;27
3505;27
3505;27
3505;27
3505;27
3505;27
3505;27
3505;27
3505;27
3505;27
3505;27
3505;27
3505;27
3505;27
3505;27
3505;27
3505;27
3505;27
3505;27
3505;27
3505;27
3505;27
3505;27
3505;27
3505;27
3505;27
3505;27
3505;27
3505;27
3505;27
3505;27
3505;27
3505;27
3505;27
3505;27
3505;27
3505;27
3505;27
3505;27
3505;27
3505;27
3505;27
3505;27
3505;27
3505;27
3505;27
3505;27
3505;27
3505;27
3505;27
3505;27
3505;27
3505;27
3505;27
3505;27
3505;27
3505;27
3505;27
3505;27
3505;27
3505;27
3505;27
3505;27
3505;27
3505;27
3505;27
3505;27
3505;27
3505;27
3505;27
3505;27
3505;27
3505;27
3505;27
3505;27
3505;27
3505;27
3505;27
3505;27
3505;27
3505;27
3505;27
3505;27
3505;27
3505;27
3505;27
3505;27
3505;27
3505;27
3505;27
3505;27
3505;27
3505;27
3312;27
2771;27
2335;27
1986;27
1707;27
1483;27
1305;27
1162;27
1047;27
956;27
883;27
824;27
1345;27
1777;27
2122;27
2399;27
2620;27
2797;27
2939;27
3052;27
3143;27
3215;27
3273;27
3319;27
3357;27
3386;27
3410;27
3429;27
3444;27
3456;27
3466;27
3474;27
3480;27
3485;27
3489;27
3492;27
3495;27
3497;27
3498;27
3500;27
3501;27
3502;27
3502;27
3503;27
3503;27
3504;27
3504;27
3504;27
3504;27
3504;27
3505;27
3505;27
3505;27
3505;27
3505;27
3505;27
3505;27
3505;27
3505;27
3505;27
3505;27
3505;27
3505;27
3505;27
3261;27
2726;27
2299;27
1957;27
1684;27
1465;27
1290;27
1150;27
1038;27
948;27
898;27
1419;27
1836;27
2170;27
2437;27
2651;27
2822;27
2958;27
3068;27
3155;27
3225;27
3281;27
3326;27
3362;27
3390;27
3413;27
3432;27
3446;27
3458;27
3467;27
3475;27
3481;27
3486;27
3490;27
3493;27
3495;27
3497;27
3499;27
3500;27
3501;27
3502;27
3502;27
3503;27
3503;27
3504;27
3504;27
3504;27
3504;27
3504;27
3505;27
3505;27
3505;27
3505;27
3505;27
3505;27
3505;27
3505;27
3505;27
3505;27
3505;27
3505;27
3505;27
3505;27
3505;27
3505;27
3505;27
3505;27
3505;27
3505;27
3505;27
3505;27
3505;27
3505;27
3505;27
3505;27
3505;27
3505;27
3505;27
3505;27
3505;27
3505;27
3505;27
3505;27
3505;27
3505;27
3505;27
3505;27
3505;27
3505;27
3505;27
3505;27
3505;27
3505;27
3505;27
3505;27
3505;27
3505;27
3505;27
3505;27
3505;27
3505;27
3505;27
3505;27
3505;27
3505;27
3505;27
3505;27
3505;27
3505;27
3505;27
3505;27
3505;27
3505;27
3505;27
3505;27
3505;27
3505;27
3505;27
3505;27
3505;27
3505;27
3505;27
3505;27
3505;27
3505;27
3505;27
3505;27
3505;27
3505;27
3505;27
3505;27
3505;27
3505;27
3505;27
3505;27
3505;27
3505;27
3505;27
3505;27
3505;27
3505;27
3505;27
3505;27
3505;27
3505;27
3505;27
3505;27
3505;27
3505;27
3505;27
3505;27
3505;27
3505;27
3505;27
3505;27
3505;27
3505;27
3505;27
3505;27
3505;27
3505;27
3505;27
3505;27
3505;27
3505;27
3505;27
3505;27
3505;27
3505;27
3505;27
3505;27
3505;27
3505;27
3505;27
3505;27
3505;27
3505;27
3505;27
3505;27
3505;27
3505;27
3505;27
3505;27
3505;27
3505;27
3505;27
3505;27
3505;27
3505;27
3505;27
3505;27
3505;27
3505;27
3505;27
3505;27
3505;27
3505;27
3505;27
3505;27
3505;27
3505;27
3505;27
3505;27
3505;27
3505;27
3505;27
3505;27
3505;27
3505;27
3505;27
3505;27
3505;27
3505;27
3505;27
3505;27
3505;27
3505;27
3505;27
3505;27
3505;27
3505;27
3505;27
3505;27
3505;27
3505;27
3505;27
3505;27
3505;27
3505;27
3505;27
3505;27
3505;27
3505;27
3505;27
3505;27
3505;27
3505;27
3493;27
3496;27
3498;27
3499;27
3500;27
3501;27
3502;27
3503;27
3503;27
3503;27
3504;27
3504;27
3504;27
3504;27
3504;27
3505;27
3505;27
3505;27
3505;27
3505;27
3505;27
3505;27
3505;27
3505;27
3505;27
3505;27
3505;27
3505;27
3505;27
3505;27
3505;27
3505;27
3505;27
3505;27
3505;27
3505;27
3505;27
3505;27
3505;27
3505;27
3505;27
3505;27
3452;27
3093;27
2592;27
2192;27
1871;27
1615;27
1410;27
1246;27
1115;27
1010;27
926;27
859;27
805;27
762;27
728;27
700;27
678;27
660;27
646;27
635;27
626;27
619;27
613;27
608;27
605;27
602;27
599;27
598;27
596;27
595;27
594;27
593;27
798;27
1340;27
1773;27
2119;27
2396;27
2618;27
2796;27
2937;27
3051;27
3142;27
3214;27
3273;27
3319;27
3356;27
3386;27
3410;27
3429;27
3444;27
3456;27
3466;27
3474;27
3480;27
3485;27
3489;27
3492;27
3495;27
3497;27
3498;27
3500;27
3501;27
3446;27
3064;27
2569;27
2173;27
1857;27
1603;27
1401;27
1239;27
1109;27
1005;27
922;27
856;27
803;27
760;27
726;27
699;27
677;27
660;27
646;27
635;27
626;27
619;27
613;27
608;27
605;27
602;27
599;27
597;27
