2323;27
2364;27
2396;27
2409;27
2397;27
2409;27
2405;27
2399;27
2386;27
2368;27
2344;27
2318;27
2289;27
2259;27
2228;27
2195;27
2162;27
2132;27
2102;27
2070;27
2034;27
1994;27
1947;27
1902;27
1858;27
1813;27
1774;27
1737;27
1697;27
1649;27
1592;27
1546;27
1492;27
1430;27
1374;27
1308;27
1237;27
1159;27
1083;27
1018;27
945;27
866;27
774;27
661;27
531;27
503;27
464;27
416;27
440;27
464;27
490;27
510;27
527;27
540;27
551;27
559;27
566;27
571;27
576;27
579;27
582;27
584;27
586;27
587;27
588;27
589;27
590;27
591;27
591;27
592;27
592;27
592;27
592;27
592;27
593;27
593;27
593;27
593;27
593;27
593;27
593;27
593;27
593;27
593;27
593;27
593;27
593;27
593;27
593;27
593;27
593;27
593;27
593;27
593;27
593;27
593;27
593;27
593;27
593;27
593;27
593;27
593;27
593;27
593;27
593;27
593;27
593;27
593;27
593;27
593;27
593;27
593;27
593;27
593;27
593;27
593;27
593;27
593;27
593;27
593;27
593;27
593;27
593;27
593;27
593;27
593;27
593;27
593;27
593;27
593;27
593;27
593;27
593;27
593;27
593;27
593;27
593;27
593;27
593;27
593;27
593;27
593;27
593;27
593;27
593;27
593;27
593;27
593;27
593;27
593;27
593;27
593;27
593;27
593;27
593;27
593;27
593;27
593;27
593;27
593;27
593;27
593;27
593;27
593;27
593;27
593;27
593;27
593;27
593;27
593;27
593;27
593;27
593;27
593;27
593;27
593;27
593;27
593;27
593;27
593;27
593;27
593;27
593;27
593;27
593;27
593;27
593;27
593;27
593;27
593;27
593;27
593;27
593;27
593;27
593;27
593;27
593;27
593;27
593;27
593;27
593;27
593;27
593;27
593;27
593;27
998;27
1317;27
1571;27
1768;27
1922;27
2041;27
2129;27
2192;27
2236;27
2264;27
2280;27
2286;27
2284;27
2274;27
2260;27
2243;27
2221;27
2199;27
2172;27
2140;27
2108;27
2080;27
2044;27
2006;27
1970;27
1934;27
1898;27
1856;27
1811;27
1764;27
1714;27
1661;27
1603;27
1545;27
1491;27
1439;27
1386;27
1325;27
1264;27
1208;27
1155;27
1088;27
1027;27
953;27
879;27
798;27
730;27
658;27
560;27
452;27
382;27
351;27
366;27
412;27
448;27
477;27
501;27
519;27
534;27
546;27
556;27
563;27
570;27
574;27
578;27
581;27
584;27
586;27
588;27
589;27
590;27
591;27
591;27
592;27
592;27
593;27
593;27
593;27
593;27
593;27
594;27
594;27
594;27
594;27
594;27
594;27
594;27
594;27
594;27
594;27
594;27
594;27
594;27
594;27
594;27
594;27
594;27
594;27
594;27
594;27
594;27
594;27
594;27
594;27
594;27
594;27
594;27
594;27
594;27
594;27
594;27
594;27
594;27
594;27
594;27
594;27
594;27
594;27
594;27
594;27
594;27
594;27
594;27
594;27
594;27
594;27
594;27
594;27
594;27
594;27
594;27
594;27
594;27
594;27
594;27
594;27
594;27
594;27
594;27
594;27
594;27
594;27
594;27
594;27
594;27
594;27
594;27
594;27
594;27
594;27
594;27
594;27
594;27
594;27
594;27
594;27
594;27
594;27
594;27
594;27
594;27
594;27
594;27
594;27
594;27
594;27
594;27
594;27
594;27
594;27
594;27
594;27
594;27
594;27
594;27
594;27
594;27
594;27
594;27
594;27
594;27
594;27
594;27
594;27
594;27
594;27
594;27
594;27
594;27
594;27
594;27
594;27
594;27
594;27
594;27
594;27
594;27
594;27
594;27
594;27
594;27
594;27
594;27
594;27
594;27
594;27
594;27
594;27
594;27
594;27
594;27
594;27
1175;27
1641;27
2013;27
2310;27
2548;27
2739;27
2891;27
3013;27
3111;27
3189;27
3251;27
3301;27
3341;27
3373;27
3399;27
3419;27
3436;27
3449;27
3459;27
3467;27
3474;27
3480;27
3484;27
3487;27
3490;27
3492;27
3494;27
3495;27
3497;27
3497;27
3498;27
3499;27
3499;27
3500;27
3500;27
3500;27
3500;27
3500;27
3501;27
3501;27
3501;27
3501;27
3501;27
3501;27
3501;27
3501;27
3501;27
3501;27
3501;27
3501;27
3501;27
3501;27
3501;27
3501;27
3501;27
3501;27
3501;27
3501;27
3501;27
3501;27
3501;27
3501;27
3501;27
3501;27
3501;27
3501;27
3501;27
3501;27
3501;27
3501;27
3501;27
3501;27
3501;27
3501;27
3501;27
3501;27
3501;27
3501;27
3501;27
3501;27
3501;27
3501;27
3501;27
3501;27
3501;27
3501;27
3501;27
3501;27
3501;27
3501;27
3501;27
3501;27
3501;27
3501;27
3501;27
3501;27
3501;27
3501;27
3501;27
3501;27
3501;27
3501;27
3501;27
3501;27
3501;27
3501;27
3501;27
3501;27
3501;27
3501;27
3501;27
3501;27
3501;27
3501;27
3501;27
3501;27
3501;27
3501;27
3501;27
3501;27
3501;27
3501;27
3501;27
3501;27
3501;27
3501;27
3501;27
3501;27
3501;27
3501;27
3501;27
3501;27
3501;27
3501;27
3501;27
3501;27
3501;27
3501;27
3501;27
3501;27
3501;27
3501;27
3501;27
3501;27
3501;27
3501;27
3501;27
3501;27
3501;27
3501;27
3501;27
3501;27
3501;27
3501;27
3501;27
3501;27
3501;27
3501;27
3501;27
3501;27
3501;27
3501;27
3501;27
3501;27
3501;27
3501;27
3501;27
3501;27
3501;27
3501;27
3501;27
3501;27
3501;27
3501;27
3501;27
3501;27
3501;27
3501;27
3501;27
3501;27
3501;27
3501;27
3501;27
3501;27
3501;27
3501;27
3501;27
3501;27
3501;27
3501;27
3501;27
3501;27
3501;27
3501;27
3501;27
3501;27
3501;27
3501;27
3501;27
3501;27
3501;27
3501;27
3501;27
3501;27
3501;27
3501;27
3501;27
3501;27
3501;27
3501;27
3501;27
3501;27
3501;27
3501;27
3501;27
3501;27
3501;27
3501;27
3501;27
3501;27
3501;27
3501;27
3501;27
3501;27
3501;27
3501;27
3501;27
3501;27
3501;27
3501;27
3501;27
3501;27
3501;27
3501;27
3501;27
3501;27
3501;27
3501;27
3501;27
3501;27
3501;27
3501;27
3501;27
3501;27
3501;27
3501;27
3501;27
3501;27
3501;27
3501;27
3501;27
3501;27
3501;27
3501;27
3501;27
3501;27
3501;27
3501;27
3501;27
3501;27
3501;27
3501;27
3501;27
3501;27
3501;27
3501;27
3501;27
3501;27
3501;27
3501;27
3501;27
3501;27
3501;27
3501;27
3501;27
3501;27
3501;27
3501;27
3501;27
3501;27
3501;27
3501;27
3501;27
3501;27
3501;27
3501;27
3501;27
3501;27
3501;27
3501;27
3501;27
3501;27
3501;27
3501;27
3501;27
3501;27
3501;27
3501;27
3501;27
3501;27
3501;27
3501;27
3501;27
3501;27
3501;27
3501;27
3501;27
3501;27
3501;27
3501;27
3501;27
3501;27
3501;27
3501;27
3501;27
3501;27
3501;27
3501;27
3501;27
3501;27
3501;27
3501;27
3501;27
3501;27
3501;27
3501;27
3501;27
3501;27
3501;27
3501;27
3501;27
3501;27
3501;27
3501;27
3501;27
3501;27
3501;27
3501;27
3501;27
3501;27
3501;27
3501;27
3501;27
3501;27
3501;27
3501;27
3501;27
3501;27
3501;27
3501;27
3501;27
3501;27
3501;27
3501;27
3501;27
3501;27
3501;27
3501;27
3501;27
3501;27
3501;27
3501;27
3501;27
3501;27
3501;27
3501;27
3501;27
3501;27
3501;27
3501;27
3501;27
3501;27
3501;27
3501;27
3501;27
3501;27
3501;27
3501;27
3501;27
3501;27
3501;27
3501;27
3501;27
3501;27
3501;27
3501;27
3501;27
3501;27
3501;27
3501;27
3501;27
3501;27
3501;27
3501;27
3501;27
3501;27
3501;27
3501;27
3501;27
3501;27
3501;27
3501;27
3501;27
3501;27
3501;27
3501;27
3501;27
3501;27
3501;27
3501;27
3501;27
3501;27
3501;27
3501;27
3501;27
3501;27
3501;27
3501;27
3501;27
3501;27
3501;27
3501;27
3501;27
3501;27
3501;27
3501;27
3501;27
3501;27
3501;27
3501;27
3501;27
3501;27
3501;27
3501;27
3501;27
3501;27
3501;27
3501;27
3501;27
3501;27
3501;27
3501;27
3501;27
3501;27
3501;27
3501;27
3501;27
3501;27
3501;27
3501;27
3501;27
3501;27
3501;27
3501;27
3501;27
3501;27
3501;27
3501;27
3501;27
3501;27
3501;27
3501;27
3501;27
3501;27
3501;27
3501;27
3501;27
3501;27
3501;27
3501;27
3501;27
3501;27
3501;27
3501;27
3501;27
3501;27
3501;27
3501;27
3501;27
3501;27
3501;27
