3500;27
3500;27
3500;27
3500;27
3500;27
3500;27
3500;27
3500;27
3500;27
3500;27
3500;27
3500;27
3500;27
3500;27
3500;27
3500;27
3500;27
3500;27
3500;27
3500;27
3500;27
3500;27
3500;27
3500;27
3500;27
3500;27
3500;27
3500;27
3500;27
3500;27
3500;27
3500;27
3500;27
3500;27
3500;27
3500;27
3500;27
3500;27
3500;27
3500;27
3345;27
2843;27
2394;27
2034;27
1746;27
1516;27
1332;27
1184;27
1067;27
972;27
897;27
836;27
788;27
750;27
719;27
694;27
674;27
658;27
646;27
636;27
627;27
621;27
616;27
612;27
608;27
606;27
603;27
602;27
600;27
599;27
598;27
598;27
597;27
597;27
596;27
596;27
596;27
596;27
596;27
595;27
595;27
595;27
595;27
595;27
595;27
595;27
595;27
595;27
595;27
595;27
595;27
595;27
595;27
595;27
595;27
595;27
595;27
595;27
595;27
595;27
595;27
595;27
595;27
595;27
595;27
595;27
595;27
595;27
595;27
595;27
595;27
595;27
595;27
595;27
595;27
595;27
595;27
595;27
595;27
595;27
595;27
595;27
595;27
595;27
595;27
595;27
595;27
595;27
595;27
595;27
595;27
595;27
595;27
595;27
595;27
595;27
595;27
595;27
595;27
595;27
595;27
595;27
595;27
595;27
595;27
595;27
595;27
595;27
540;27
445;27
385;27
427;27
460;27
398;27
375;27
419;27
454;27
482;27
505;27
523;27
537;27
549;27
558;27
566;27
571;27
576;27
580;27
583;27
585;27
587;27
589;27
590;27
591;27
592;27
592;27
593;27
593;27
594;27
594;27
594;27
594;27
594;27
595;27
595;27
595;27
595;27
595;27
595;27
595;27
595;27
595;27
595;27
595;27
595;27
595;27
595;27
595;27
595;27
595;27
595;27
595;27
595;27
595;27
595;27
595;27
595;27
595;27
595;27
595;27
595;27
595;27
595;27
595;27
595;27
595;27
595;27
595;27
595;27
595;27
595;27
595;27
595;27
595;27
595;27
595;27
595;27
595;27
595;27
595;27
595;27
595;27
595;27
595;27
595;27
595;27
595;27
595;27
595;27
595;27
595;27
595;27
595;27
595;27
595;27
595;27
595;27
595;27
595;27
595;27
595;27
595;27
595;27
595;27
595;27
595;27
595;27
595;27
595;27
595;27
595;27
595;27
595;27
595;27
595;27
595;27
595;27
595;27
595;27
595;27
595;27
595;27
595;27
595;27
595;27
595;27
595;27
595;27
595;27
595;27
595;27
595;27
595;27
595;27
595;27
595;27
595;27
595;27
595;27
595;27
595;27
595;27
595;27
595;27
595;27
595;27
595;27
595;27
595;27
595;27
595;27
595;27
595;27
595;27
595;27
595;27
595;27
595;27
595;27
595;27
595;27
595;27
595;27
595;27
595;27
595;27
595;27
595;27
595;27
595;27
595;27
595;27
595;27
595;27
595;27
595;27
595;27
595;27
595;27
595;27
595;27
595;27
595;27
595;27
595;27
595;27
595;27
595;27
595;27
595;27
595;27
595;27
595;27
595;27
595;27
595;27
595;27
595;27
595;27
595;27
595;27
595;27
595;27
595;27
595;27
529;27
502;27
456;27
446;27
467;27
492;27
513;27
529;27
542;27
553;27
561;27
568;27
573;27
578;27
581;27
584;27
586;27
588;27
589;27
590;27
591;27
592;27
593;27
593;27
594;27
594;27
594;27
594;27
594;27
595;27
595;27
595;27
595;27
595;27
595;27
595;27
595;27
595;27
595;27
595;27
595;27
595;27
595;27
595;27
595;27
595;27
595;27
595;27
595;27
595;27
595;27
595;27
595;27
595;27
595;27
595;27
595;27
595;27
595;27
595;27
595;27
595;27
595;27
595;27
595;27
595;27
595;27
595;27
595;27
595;27
595;27
595;27
595;27
595;27
595;27
595;27
595;27
595;27
595;27
595;27
595;27
595;27
595;27
595;27
595;27
595;27
595;27
595;27
595;27
595;27
595;27
595;27
595;27
595;27
595;27
595;27
595;27
595;27
595;27
595;27
595;27
595;27
595;27
595;27
595;27
595;27
595;27
595;27
595;27
595;27
595;27
595;27
595;27
595;27
595;27
595;27
595;27
595;27
595;27
1176;27
1641;27
2013;27
2310;27
2548;27
2738;27
2891;27
3013;27
3110;27
3188;27
3250;27
3300;27
3340;27
3372;27
3398;27
3418;27
3435;27
3448;27
3458;27
3467;27
3473;27
3479;27
3483;27
3486;27
3489;27
3491;27
3493;27
3494;27
3496;27
3496;27
3497;27
3498;27
3498;27
3499;27
3499;27
3499;27
3499;27
3499;27
3500;27
3500;27
3500;27
3500;27
3500;27
3500;27
3500;27
3500;27
3500;27
3500;27
3500;27
3500;27
3500;27
3500;27
3500;27
3500;27
3500;27
3500;27
3500;27
3500;27
3500;27
3500;27
3500;27
3500;27
3500;27
3500;27
3500;27
3500;27
3500;27
3500;27
3500;27
3500;27
3500;27
3500;27
3500;27
3500;27
3500;27
3500;27
3500;27
3500;27
3500;27
3500;27
3500;27
3500;27
3500;27
3500;27
3500;27
3500;27
3500;27
3500;27
3500;27
3500;27
3500;27
3500;27
3500;27
3500;27
3500;27
3500;27
3500;27
3500;27
3500;27
3500;27
3500;27
3500;27
3500;27
3500;27
3500;27
3500;27
3500;27
3500;27
3500;27
3500;27
3500;27
3500;27
3500;27
3500;27
3500;27
3500;27
3500;27
3500;27
3500;27
3500;27
3500;27
3500;27
3500;27
3500;27
3500;27
3500;27
3500;27
3500;27
3500;27
3500;27
3500;27
3500;27
3500;27
3500;27
3500;27
3500;27
3500;27
3500;27
3500;27
3500;27
3500;27
3500;27
3500;27
3500;27
3500;27
3500;27
3500;27
3500;27
3500;27
3500;27
3500;27
3500;27
3500;27
3500;27
3500;27
3500;27
3500;27
3500;27
3500;27
3500;27
3500;27
3500;27
3500;27
3500;27
3500;27
3500;27
3500;27
3500;27
3500;27
3500;27
3500;27
3500;27
3384;27
2874;27
2418;27
2053;27
1762;27
1528;27
1342;27
1192;27
1073;27
977;27
901;27
840;27
791;27
752;27
720;27
695;27
675;27
659;27
646;27
636;27
628;27
621;27
616;27
612;27
608;27
606;27
604;27
602;27
601;27
599;27
599;27
598;27
597;27
597;27
596;27
596;27
596;27
596;27
596;27
595;27
595;27
595;27
595;27
595;27
595;27
595;27
595;27
595;27
595;27
595;27
595;27
595;27
595;27
595;27
595;27
595;27
595;27
595;27
595;27
595;27
595;27
595;27
595;27
595;27
595;27
595;27
595;27
595;27
595;27
595;27
595;27
595;27
595;27
595;27
595;27
595;27
595;27
595;27
595;27
595;27
595;27
595;27
595;27
595;27
595;27
595;27
595;27
595;27
595;27
595;27
595;27
595;27
595;27
595;27
595;27
595;27
595;27
595;27
595;27
595;27
595;27
595;27
595;27
595;27
595;27
595;27
595;27
595;27
595;27
595;27
595;27
595;27
595;27
595;27
595;27
595;27
930;27
1191;27
1393;27
1548;27
1667;27
1757;27
1839;27
1978;27
2123;27
2257;27
2383;27
2507;27
2623;27
2724;27
2811;27
2886;27
2949;27
2998;27
3033;27
3060;27
3068;27
3065;27
3045;27
3007;27
2939;27
2832;27
2550;27
2135;27
1827;27
1581;27
1384;27
1226;27
1100;27
999;27
918;27
853;27
802;27
760;27
727;27
701;27
680;27
663;27
649;27
638;27
630;27
623;27
617;27
613;27
609;27
606;27
604;27
602;27
601;27
600;27
599;27
598;27
597;27
597;27
597;27
596;27
596;27
596;27
596;27
596;27
595;27
595;27
595;27
595;27
595;27
595;27
595;27
595;27
595;27
595;27
595;27
595;27
595;27
595;27
595;27
595;27
595;27
595;27
595;27
595;27
595;27
595;27
595;27
595;27
595;27
595;27
595;27
595;27
595;27
595;27
595;27
595;27
595;27
595;27
595;27
595;27
595;27
595;27
595;27
595;27
595;27
595;27
595;27
595;27
595;27
595;27
595;27
595;27
595;27
595;27
595;27
595;27
595;27
595;27
595;27
595;27
595;27
595;27
595;27
595;27
595;27
595;27
595;27
595;27
595;27
595;27
595;27
595;27
595;27
595;27
595;27
595;27
595;27
595;27
595;27
595;27
595;27
595;27
595;27
595;27
595;27
595;27
595;27
595;27
595;27
595;27
595;27
595;27
595;27
595;27
595;27
595;27
595;27
595;27
595;27
595;27
595;27
595;27
595;27
595;27
595;27
595;27
595;27
595;27
595;27
595;27
595;27
595;27
595;27
595;27
595;27
595;27
595;27
595;27
595;27
595;27
595;27
595;27
595;27
595;27
595;27
595;27
595;27
595;27
595;27
595;27
595;27
595;27
595;27
595;27
595;27
595;27
595;27
595;27
595;27
595;27
595;27
595;27
595;27
595;27
595;27
595;27
595;27
595;27
595;27
595;27
595;27
595;27
595;27
595;27
595;27
595;27
595;27
595;27
595;27
595;27
595;27
595;27
595;27
595;27
595;27
595;27
595;27
595;27
595;27
595;27
595;27
595;27
595;27
595;27
595;27
595;27
595;27
595;27
595;27
595;27
595;27
595;27
595;27
595;27
595;27
595;27
595;27
595;27
595;27
595;27
595;27
595;27
595;27
595;27
595;27
595;27
595;27
595;27
595;27
595;27
595;27
595;27
595;27
595;27
595;27
595;27
595;27
595;27
595;27
595;27
595;27
595;27
595;27
595;27
595;27
595;27
595;27
595;27
595;27
595;27
595;27
595;27
595;27
595;27
595;27
595;27
595;27
595;27
595;27
