589;27
589;27
589;27
589;27
589;27
589;27
589;27
589;27
589;27
589;27
589;27
589;27
589;27
589;27
589;27
589;27
589;27
589;27
589;27
589;27
589;27
589;27
589;27
589;27
589;27
589;27
589;27
589;27
589;27
589;27
589;27
589;27
589;27
589;27
589;27
589;27
589;27
589;27
589;27
589;27
589;27
589;27
589;27
589;27
589;27
589;27
589;27
589;27
589;27
589;27
589;27
589;27
589;27
589;27
589;27
589;27
589;27
589;27
589;27
589;27
589;27
589;27
589;27
589;27
589;27
589;27
589;27
589;27
574;27
577;27
542;27
499;27
538;27
530;27
529;27
541;27
550;27
479;27
561;27
566;27
571;27
574;27
577;27
580;27
582;27
583;27
584;27
585;27
586;27
587;27
587;27
587;27
588;27
588;27
588;27
588;27
588;27
589;27
589;27
589;27
589;27
589;27
589;27
589;27
589;27
589;27
589;27
589;27
589;27
589;27
589;27
589;27
589;27
589;27
589;27
589;27
589;27
589;27
589;27
589;27
589;27
589;27
589;27
589;27
589;27
589;27
589;27
589;27
589;27
589;27
589;27
589;27
589;27
589;27
589;27
589;27
589;27
589;27
589;27
589;27
589;27
589;27
589;27
589;27
589;27
589;27
589;27
589;27
589;27
589;27
589;27
589;27
589;27
589;27
589;27
589;27
589;27
589;27
589;27
589;27
589;27
589;27
589;27
589;27
589;27
589;27
589;27
589;27
589;27
589;27
589;27
589;27
589;27
589;27
589;27
589;27
589;27
589;27
589;27
589;27
589;27
589;27
589;27
589;27
589;27
589;27
589;27
589;27
589;27
589;27
589;27
589;27
589;27
589;27
589;27
589;27
589;27
589;27
589;27
589;27
589;27
589;27
589;27
589;27
589;27
589;27
589;27
589;27
589;27
589;27
589;27
589;27
589;27
589;27
589;27
589;27
589;27
589;27
589;27
589;27
589;27
589;27
589;27
589;27
589;27
589;27
589;27
589;27
589;27
589;27
589;27
589;27
589;27
589;27
589;27
589;27
589;27
589;27
589;27
589;27
589;27
589;27
589;27
589;27
589;27
589;27
589;27
589;27
589;27
589;27
589;27
589;27
589;27
589;27
589;27
589;27
589;27
589;27
589;27
589;27
589;27
589;27
589;27
589;27
589;27
589;27
589;27
589;27
589;27
589;27
589;27
589;27
589;27
589;27
589;27
589;27
589;27
589;27
589;27
589;27
589;27
589;27
589;27
589;27
589;27
587;27
547;27
692;27
1006;27
1161;27
1206;27
1145;27
1058;27
937;27
782;27
695;27
664;27
649;27
637;27
628;27
620;27
614;27
609;27
605;27
602;27
599;27
543;27
552;27
560;27
463;27
462;27
545;27
700;27
859;27
927;27
974;27
1042;27
1142;27
1272;27
1405;27
1451;27
1457;27
1430;27
1465;27
1464;27
1431;27
1404;27
1406;27
1316;27
1311;27
1290;27
1279;27
1283;27
1312;27
1373;27
1412;27
1248;27
1116;27
1011;27
926;27
859;27
805;27
762;27
727;27
700;27
760;27
819;27
671;27
652;27
640;27
629;27
621;27
615;27
610;27
606;27
602;27
600;27
597;27
596;27
594;27
593;27
592;27
592;27
591;27
591;27
590;27
590;27
590;27
590;27
971;27
1275;27
1517;27
1706;27
1855;27
1976;27
2068;27
2141;27
2192;27
2229;27
2256;27
2278;27
2290;27
2298;27
2300;27
2299;27
2296;27
2290;27
2279;27
2266;27
2253;27
2238;27
2222;27
2210;27
2202;27
2193;27
2208;27
2214;27
2211;27
2198;27
2175;27
2152;27
2138;27
2117;27
2091;27
2067;27
2048;27
2038;27
1978;27
1922;27
1869;27
1825;27
1788;27
1755;27
1722;27
1697;27
1672;27
1650;27
1621;27
1593;27
1561;27
1533;27
1500;27
1473;27
1445;27
1416;27
1383;27
1350;27
1320;27
1288;27
1254;27
1221;27
1192;27
1162;27
1132;27
1103;27
1075;27
1050;27
1029;27
998;27
971;27
996;27
1014;27
1009;27
983;27
1015;27
1035;27
1046;27
1049;27
1044;27
916;27
809;27
712;27
627;27
547;27
488;27
429;27
369;27
307;27
248;27
212;27
197;27
207;27
225;27
251;27
307;27
363;27
408;27
444;27
473;27
496;27
515;27
530;27
542;27
551;27
559;27
565;27
570;27
573;27
577;27
579;27
581;27
583;27
584;27
585;27
586;27
586;27
587;27
587;27
588;27
588;27
588;27
588;27
588;27
589;27
589;27
589;27
589;27
589;27
589;27
589;27
589;27
589;27
589;27
589;27
589;27
589;27
589;27
589;27
589;27
589;27
589;27
589;27
589;27
589;27
589;27
589;27
589;27
589;27
589;27
589;27
589;27
589;27
589;27
589;27
589;27
589;27
589;27
589;27
589;27
589;27
589;27
589;27
589;27
589;27
589;27
589;27
589;27
589;27
589;27
589;27
589;27
589;27
589;27
589;27
589;27
589;27
589;27
589;27
589;27
589;27
589;27
589;27
589;27
589;27
589;27
589;27
589;27
589;27
589;27
589;27
589;27
589;27
589;27
589;27
589;27
589;27
589;27
589;27
589;27
589;27
589;27
589;27
589;27
589;27
589;27
589;27
589;27
589;27
589;27
589;27
589;27
589;27
589;27
589;27
589;27
589;27
589;27
589;27
589;27
589;27
589;27
589;27
589;27
589;27
589;27
589;27
589;27
589;27
589;27
589;27
589;27
589;27
589;27
589;27
589;27
589;27
589;27
589;27
589;27
589;27
589;27
589;27
589;27
589;27
589;27
589;27
589;27
589;27
589;27
589;27
589;27
589;27
589;27
589;27
589;27
589;27
589;27
589;27
589;27
589;27
589;27
589;27
589;27
589;27
589;27
589;27
589;27
589;27
589;27
589;27
589;27
589;27
589;27
589;27
589;27
589;27
589;27
589;27
589;27
589;27
589;27
589;27
589;27
589;27
589;27
589;27
589;27
589;27
589;27
589;27
589;27
589;27
589;27
589;27
589;27
589;27
589;27
589;27
589;27
589;27
589;27
589;27
589;27
589;27
589;27
589;27
589;27
589;27
589;27
589;27
589;27
589;27
589;27
589;27
589;27
589;27
589;27
589;27
589;27
589;27
589;27
589;27
589;27
589;27
589;27
589;27
589;27
589;27
589;27
589;27
589;27
589;27
589;27
589;27
589;27
589;27
589;27
589;27
589;27
589;27
589;27
589;27
589;27
589;27
589;27
589;27
589;27
589;27
589;27
589;27
589;27
589;27
589;27
589;27
589;27
589;27
589;27
589;27
589;27
589;27
589;27
589;27
589;27
589;27
589;27
589;27
589;27
589;27
589;27
589;27
589;27
589;27
589;27
589;27
589;27
589;27
589;27
589;27
589;27
589;27
589;27
589;27
589;27
589;27
589;27
589;27
589;27
589;27
589;27
589;27
589;27
589;27
589;27
589;27
589;27
589;27
589;27
589;27
589;27
589;27
589;27
589;27
589;27
589;27
589;27
589;27
589;27
589;27
589;27
589;27
589;27
589;27
589;27
589;27
992;27
1312;27
1567;27
1766;27
1922;27
2047;27
2143;27
2216;27
2273;27
2312;27
2347;27
2370;27
2384;27
2395;27
2399;27
2400;27
2394;27
