3503;27
3503;27
3503;27
3503;27
3503;27
3503;27
3503;27
3503;27
3503;27
3503;27
3503;27
3503;27
3503;27
3503;27
3503;27
3503;27
3503;27
3503;27
3503;27
3503;27
3503;27
3503;27
3503;27
3503;27
3503;27
3503;27
3503;27
3503;27
3503;27
3503;27
3503;27
3503;27
3503;27
3503;27
3503;27
3503;27
3503;27
3503;27
3503;27
3503;27
3503;27
3503;27
3503;27
3503;27
3503;27
3503;27
3503;27
3503;27
3503;27
3503;27
3503;27
3503;27
3503;27
3503;27
3503;27
3503;27
2921;27
2455;27
2082;27
1784;27
1546;27
1355;27
1202;27
1080;27
983;27
905;27
842;27
792;27
752;27
720;27
694;27
674;27
658;27
644;27
634;27
626;27
619;27
613;27
609;27
606;27
603;27
601;27
599;27
598;27
597;27
596;27
595;27
594;27
594;27
593;27
593;27
593;27
593;27
593;27
592;27
592;27
592;27
592;27
592;27
592;27
592;27
592;27
592;27
592;27
592;27
592;27
592;27
592;27
592;27
592;27
592;27
592;27
592;27
592;27
592;27
592;27
592;27
592;27
592;27
592;27
592;27
991;27
1309;27
1559;27
1752;27
1905;27
2018;27
2100;27
2160;27
2200;27
2225;27
2240;27
2248;27
2259;27
2281;27
2252;27
2244;27
2236;27
2186;27
2137;27
2087;27
2040;27
1990;27
1938;27
1889;27
1836;27
1789;27
1748;27
1707;27
1655;27
1602;27
1543;27
1483;27
1421;27
1358;27
1294;27
1227;27
1156;27
1085;27
1007;27
922;27
840;27
756;27
653;27
546;27
445;27
395;27
394;27
416;27
451;27
479;27
502;27
520;27
534;27
546;27
555;27
562;27
568;27
573;27
577;27
580;27
582;27
584;27
586;27
587;27
588;27
589;27
589;27
590;27
590;27
591;27
591;27
591;27
591;27
591;27
592;27
592;27
592;27
592;27
592;27
592;27
592;27
592;27
592;27
592;27
592;27
592;27
592;27
592;27
592;27
592;27
592;27
592;27
592;27
592;27
592;27
592;27
592;27
592;27
592;27
592;27
592;27
592;27
592;27
592;27
592;27
592;27
592;27
592;27
592;27
592;27
592;27
592;27
592;27
592;27
592;27
592;27
592;27
592;27
592;27
592;27
592;27
592;27
592;27
592;27
592;27
592;27
592;27
592;27
592;27
592;27
592;27
592;27
592;27
592;27
592;27
592;27
592;27
592;27
592;27
592;27
592;27
592;27
592;27
592;27
592;27
592;27
592;27
592;27
592;27
592;27
592;27
592;27
592;27
592;27
592;27
592;27
592;27
592;27
592;27
592;27
592;27
592;27
592;27
592;27
592;27
592;27
592;27
592;27
592;27
592;27
592;27
592;27
592;27
592;27
592;27
592;27
592;27
592;27
592;27
592;27
592;27
592;27
592;27
592;27
592;27
592;27
592;27
592;27
592;27
592;27
592;27
592;27
592;27
592;27
592;27
592;27
592;27
592;27
592;27
1011;27
1340;27
1604;27
1806;27
1963;27
2084;27
2174;27
2242;27
2287;27
2319;27
2336;27
2347;27
2348;27
2340;27
2326;27
2307;27
2286;27
2263;27
2232;27
2205;27
2176;27
2156;27
2135;27
2112;27
2079;27
2044;27
2001;27
1958;27
1914;27
1870;27
1829;27
1783;27
1734;27
1673;27
1594;27
1512;27
1433;27
1355;27
1288;27
1212;27
1138;27
1057;27
985;27
909;27
833;27
749;27
674;27
596;27
521;27
435;27
361;27
350;27
363;27
409;27
445;27
475;27
498;27
517;27
532;27
544;27
554;27
561;27
567;27
572;27
576;27
579;27
582;27
584;27
586;27
587;27
588;27
589;27
589;27
590;27
590;27
591;27
591;27
591;27
591;27
591;27
592;27
592;27
592;27
592;27
592;27
592;27
592;27
592;27
592;27
592;27
592;27
592;27
592;27
592;27
592;27
592;27
592;27
592;27
592;27
592;27
592;27
592;27
592;27
592;27
592;27
592;27
592;27
592;27
592;27
592;27
592;27
592;27
592;27
592;27
592;27
592;27
592;27
592;27
592;27
592;27
592;27
592;27
592;27
592;27
592;27
592;27
592;27
592;27
592;27
592;27
592;27
592;27
592;27
592;27
592;27
592;27
592;27
592;27
592;27
592;27
592;27
592;27
592;27
592;27
592;27
592;27
592;27
592;27
592;27
592;27
592;27
592;27
592;27
592;27
592;27
592;27
592;27
592;27
592;27
592;27
592;27
592;27
592;27
592;27
592;27
592;27
592;27
592;27
592;27
592;27
592;27
592;27
592;27
592;27
592;27
592;27
592;27
592;27
592;27
592;27
592;27
592;27
592;27
592;27
592;27
592;27
592;27
592;27
592;27
592;27
592;27
592;27
592;27
592;27
592;27
592;27
592;27
592;27
592;27
592;27
1017;27
1353;27
1621;27
1830;27
1992;27
2114;27
2212;27
2281;27
2328;27
2358;27
2374;27
2381;27
2381;27
2376;27
2369;27
2358;27
2352;27
2335;27
2314;27
2283;27
2255;27
2225;27
2191;27
2154;27
2111;27
2077;27
2064;27
2036;27
2010;27
1969;27
1930;27
1897;27
1853;27
1802;27
1765;27
1714;27
1666;27
1615;27
1563;27
1510;27
1459;27
1415;27
1354;27
1281;27
1206;27
1139;27
1069;27
992;27
934;27
867;27
797;27
701;27
625;27
547;27
458;27
420;27
436;27
632;27
1206;27
1665;27
2033;27
2327;27
2562;27
2750;27
2901;27
3021;27
3118;27
3195;27
3256;27
3306;27
3345;27
3377;27
3402;27
3422;27
3438;27
3451;27
3462;27
3470;27
3477;27
3482;27
3486;27
3489;27
3492;27
3494;27
3496;27
3497;27
3499;27
3499;27
3500;27
3501;27
3501;27
3502;27
3502;27
3502;27
3502;27
3502;27
3503;27
3503;27
3503;27
3503;27
3503;27
3503;27
3503;27
3503;27
3503;27
3503;27
3503;27
3503;27
3503;27
3503;27
3503;27
3503;27
3503;27
3503;27
3503;27
3503;27
3503;27
3503;27
3503;27
3503;27
3503;27
3503;27
3503;27
3503;27
3503;27
3503;27
3503;27
3503;27
3503;27
3503;27
3503;27
3503;27
3503;27
3503;27
3503;27
3503;27
3503;27
3503;27
3503;27
3503;27
3503;27
3503;27
3503;27
3503;27
3503;27
3503;27
3503;27
3503;27
3503;27
3503;27
3503;27
3503;27
3503;27
3503;27
3503;27
3503;27
3503;27
3503;27
3503;27
3503;27
3503;27
3503;27
3503;27
3503;27
3503;27
3503;27
3503;27
3503;27
3503;27
3503;27
3503;27
3503;27
3503;27
3503;27
3503;27
3503;27
3503;27
3503;27
3503;27
3503;27
3503;27
3503;27
3503;27
3503;27
3503;27
3503;27
3503;27
3503;27
3503;27
3503;27
3503;27
3503;27
3503;27
3503;27
3503;27
3503;27
3503;27
3503;27
3503;27
3503;27
3503;27
3503;27
3503;27
3503;27
3503;27
3503;27
3503;27
3503;27
3503;27
3503;27
3503;27
3503;27
3503;27
3503;27
3503;27
3503;27
3503;27
3503;27
3503;27
3503;27
3503;27
3503;27
3503;27
3503;27
3503;27
3503;27
3503;27
3503;27
3503;27
3503;27
3503;27
3503;27
3503;27
3503;27
3503;27
3503;27
3503;27
3503;27
3503;27
3503;27
3503;27
3503;27
3503;27
3503;27
3503;27
3503;27
3503;27
3503;27
3503;27
3503;27
3503;27
3503;27
3503;27
3503;27
3503;27
3503;27
3503;27
3503;27
3503;27
3503;27
3503;27
3503;27
3503;27
3503;27
3503;27
3503;27
3503;27
3503;27
3503;27
3503;27
3503;27
3503;27
3503;27
3503;27
3503;27
3503;27
3503;27
3503;27
3503;27
3503;27
3503;27
3503;27
3503;27
3503;27
3503;27
3503;27
3503;27
3503;27
3503;27
3503;27
3503;27
3503;27
3503;27
3503;27
3503;27
3503;27
3503;27
3503;27
3503;27
3503;27
3503;27
3503;27
3503;27
3503;27
3503;27
3503;27
3503;27
3503;27
3503;27
3503;27
3503;27
3503;27
3503;27
3503;27
3503;27
3503;27
3503;27
3503;27
3503;27
3503;27
3503;27
3503;27
3503;27
3503;27
3503;27
3503;27
3503;27
3503;27
3503;27
3503;27
3503;27
3503;27
3503;27
3503;27
3503;27
3503;27
3503;27
3503;27
3503;27
3503;27
3503;27
3503;27
3455;27
2882;27
2424;27
2058;27
1765;27
1530;27
1343;27
1192;27
1072;27
976;27
899;27
838;27
789;27
749;27
718;27
693;27
673;27
656;27
644;27
633;27
625;27
618;27
613;27
609;27
606;27
603;27
601;27
599;27
598;27
596;27
596;27
595;27
594;27
594;27
593;27
593;27
593;27
593;27
593;27
592;27
592;27
592;27
592;27
592;27
592;27
592;27
592;27
592;27
592;27
592;27
592;27
592;27
592;27
592;27
592;27
592;27
592;27
592;27
592;27
592;27
592;27
592;27
592;27
592;27
592;27
592;27
867;27
1238;27
1534;27
1764;27
1946;27
2083;27
2188;27
2265;27
