594;27
593;27
592;27
592;27
591;27
591;27
591;27
591;27
591;27
590;27
590;27
590;27
590;27
590;27
590;27
590;27
590;27
590;27
590;27
590;27
590;27
590;27
590;27
590;27
590;27
590;27
590;27
590;27
590;27
590;27
590;27
590;27
590;27
590;27
590;27
590;27
590;27
590;27
590;27
590;27
590;27
590;27
590;27
590;27
590;27
590;27
590;27
590;27
590;27
590;27
590;27
590;27
590;27
590;27
590;27
590;27
590;27
590;27
590;27
590;27
590;27
590;27
590;27
590;27
590;27
590;27
590;27
590;27
590;27
590;27
590;27
590;27
590;27
590;27
590;27
590;27
590;27
590;27
590;27
590;27
590;27
590;27
590;27
590;27
590;27
590;27
590;27
590;27
590;27
590;27
590;27
590;27
590;27
590;27
590;27
590;27
590;27
590;27
590;27
590;27
590;27
590;27
590;27
590;27
590;27
590;27
590;27
590;27
590;27
590;27
590;27
590;27
590;27
590;27
590;27
590;27
590;27
590;27
590;27
590;27
590;27
590;27
590;27
590;27
590;27
590;27
590;27
590;27
590;27
590;27
590;27
590;27
590;27
590;27
590;27
590;27
590;27
590;27
590;27
590;27
590;27
590;27
590;27
590;27
590;27
590;27
974;27
1323;27
1597;27
1815;27
1989;27
2127;27
2243;27
2325;27
2378;27
2411;27
2431;27
2442;27
2446;27
2444;27
2432;27
2417;27
2400;27
2382;27
2362;27
2342;27
2315;27
2288;27
2262;27
2233;27
2210;27
2177;27
2145;27
2119;27
2091;27
2058;27
2024;27
1988;27
1950;27
1912;27
1877;27
1855;27
1853;27
1849;27
1843;27
1846;27
1871;27
1892;27
1897;27
1884;27
1856;27
1830;27
1807;27
1785;27
1773;27
1744;27
1726;27
1697;27
1655;27
1616;27
1574;27
1539;27
1512;27
1458;27
1438;27
1418;27
1384;27
1308;27
1220;27
1008;27
903;27
790;27
643;27
518;27
471;27
396;27
377;27
385;27
426;27
459;27
485;27
506;27
523;27
536;27
547;27
556;27
562;27
568;27
572;27
576;27
579;27
581;27
583;27
584;27
585;27
586;27
587;27
588;27
588;27
588;27
589;27
589;27
589;27
589;27
590;27
590;27
590;27
590;27
590;27
590;27
590;27
590;27
590;27
590;27
590;27
590;27
590;27
590;27
590;27
590;27
590;27
590;27
590;27
590;27
590;27
590;27
590;27
590;27
590;27
590;27
590;27
590;27
590;27
590;27
590;27
590;27
590;27
590;27
590;27
590;27
590;27
590;27
590;27
590;27
590;27
590;27
590;27
590;27
590;27
590;27
590;27
590;27
590;27
590;27
590;27
590;27
590;27
590;27
590;27
590;27
590;27
590;27
590;27
590;27
590;27
590;27
590;27
590;27
590;27
590;27
590;27
590;27
590;27
590;27
590;27
590;27
590;27
590;27
590;27
590;27
590;27
590;27
590;27
590;27
590;27
590;27
590;27
590;27
590;27
590;27
590;27
590;27
590;27
590;27
590;27
590;27
590;27
590;27
590;27
590;27
590;27
590;27
590;27
590;27
590;27
590;27
590;27
590;27
590;27
590;27
590;27
590;27
590;27
590;27
590;27
590;27
590;27
590;27
590;27
590;27
590;27
590;27
590;27
590;27
590;27
590;27
590;27
590;27
590;27
590;27
590;27
590;27
590;27
590;27
590;27
590;27
590;27
590;27
590;27
590;27
590;27
590;27
590;27
590;27
590;27
590;27
590;27
590;27
590;27
590;27
590;27
590;27
590;27
590;27
590;27
590;27
590;27
590;27
590;27
590;27
590;27
590;27
590;27
590;27
590;27
590;27
590;27
590;27
590;27
590;27
590;27
590;27
1018;27
1360;27
1623;27
1841;27
2009;27
2142;27
2244;27
2322;27
2389;27
2430;27
2457;27
2473;27
2468;27
2473;27
2476;27
2471;27
2464;27
2446;27
2435;27
2418;27
2402;27
2377;27
2360;27
2342;27
2320;27
2296;27
2273;27
2243;27
2218;27
2189;27
2156;27
2126;27
2096;27
2063;27
2034;27
2002;27
1967;27
1935;27
1901;27
1870;27
1832;27
1794;27
1763;27
1718;27
1656;27
1597;27
1534;27
1459;27
1386;27
1311;27
1227;27
1182;27
1126;27
1064;27
1012;27
953;27
888;27
823;27
751;27
687;27
621;27
556;27
473;27
388;27
321;27
298;27
291;27
319;27
373;27
417;27
451;27
479;27
501;27
519;27
533;27
545;27
554;27
561;27
567;27
571;27
575;27
578;27
580;27
582;27
584;27
585;27
586;27
587;27
588;27
588;27
588;27
589;27
589;27
589;27
589;27
589;27
590;27
590;27
590;27
590;27
590;27
590;27
590;27
590;27
590;27
590;27
590;27
590;27
590;27
590;27
590;27
590;27
590;27
590;27
590;27
590;27
590;27
590;27
590;27
590;27
590;27
590;27
590;27
590;27
590;27
590;27
590;27
590;27
590;27
590;27
590;27
590;27
590;27
590;27
590;27
590;27
590;27
590;27
590;27
590;27
590;27
590;27
590;27
590;27
590;27
590;27
590;27
590;27
590;27
590;27
590;27
590;27
590;27
590;27
590;27
590;27
590;27
590;27
590;27
590;27
590;27
590;27
590;27
590;27
590;27
590;27
590;27
590;27
590;27
590;27
590;27
590;27
590;27
590;27
590;27
590;27
590;27
590;27
590;27
590;27
590;27
590;27
590;27
590;27
590;27
590;27
590;27
590;27
590;27
590;27
590;27
590;27
590;27
590;27
590;27
590;27
590;27
590;27
590;27
590;27
590;27
590;27
590;27
590;27
590;27
590;27
590;27
590;27
590;27
590;27
590;27
590;27
590;27
590;27
590;27
590;27
590;27
590;27
590;27
590;27
590;27
590;27
590;27
590;27
590;27
590;27
590;27
590;27
590;27
590;27
590;27
590;27
590;27
590;27
590;27
590;27
590;27
590;27
590;27
590;27
590;27
590;27
590;27
590;27
590;27
590;27
590;27
590;27
590;27
590;27
590;27
590;27
590;27
590;27
590;27
590;27
590;27
590;27
991;27
1309;27
1560;27
1756;27
1909;27
2025;27
2114;27
2179;27
2230;27
2263;27
2282;27
2303;27
2298;27
2291;27
2291;27
2284;27
2273;27
2254;27
2234;27
2210;27
2196;27
2179;27
2164;27
2158;27
2145;27
2128;27
2106;27
2080;27
2045;27
1997;27
1939;27
1884;27
1827;27
1780;27
1749;27
1689;27
1640;27
1592;27
1543;27
1490;27
1445;27
1396;27
1349;27
1297;27
1240;27
1184;27
1136;27
1098;27
1061;27
1014;27
973;27
931;27
879;27
831;27
795;27
738;27
699;27
672;27
625;27
587;27
532;27
471;27
404;27
333;27
330;27
382;27
424;27
457;27
483;27
505;27
522;27
535;27
546;27
555;27
562;27
568;27
572;27
576;27
579;27
581;27
583;27
584;27
585;27
586;27
587;27
588;27
588;27
588;27
589;27
589;27
589;27
589;27
589;27
590;27
590;27
590;27
590;27
590;27
590;27
590;27
590;27
590;27
590;27
590;27
590;27
590;27
590;27
590;27
590;27
590;27
590;27
590;27
590;27
590;27
590;27
590;27
590;27
590;27
590;27
590;27
590;27
590;27
590;27
590;27
590;27
590;27
590;27
590;27
590;27
590;27
590;27
590;27
590;27
590;27
590;27
590;27
590;27
590;27
590;27
590;27
590;27
590;27
590;27
590;27
590;27
590;27
590;27
590;27
590;27
590;27
590;27
590;27
590;27
590;27
590;27
590;27
590;27
590;27
590;27
590;27
590;27
590;27
590;27
590;27
590;27
590;27
590;27
590;27
590;27
590;27
590;27
590;27
590;27
590;27
590;27
590;27
590;27
590;27
590;27
590;27
590;27
590;27
590;27
590;27
590;27
590;27
590;27
590;27
590;27
590;27
590;27
590;27
590;27
590;27
590;27
590;27
590;27
590;27
590;27
590;27
590;27
590;27
590;27
590;27
590;27
590;27
590;27
590;27
590;27
590;27
590;27
590;27
590;27
590;27
590;27
590;27
590;27
590;27
590;27
590;27
590;27
590;27
590;27
590;27
590;27
590;27
590;27
590;27
590;27
590;27
590;27
590;27
590;27
590;27
590;27
590;27
590;27
590;27
590;27
590;27
590;27
590;27
590;27
590;27
590;27
590;27
590;27
590;27
590;27
590;27
590;27
590;27
590;27
590;27
1008;27
1344;27
1610;27
1819;27
2062;27
2159;27
2229;27
2273;27
2302;27
2322;27
2331;27
2338;27
2359;27
2371;27
2386;27
2400;27
2401;27
2401;27
2389;27
2376;27
2356;27
2328;27
2287;27
2231;27
2169;27
2088;27
2047;27
2027;27
2137;27
2068;27
2007;27
1948;27
1891;27
1826;27
1768;27
1707;27
1655;27
1605;27
1550;27
1497;27
1444;27
1392;27
1347;27
1301;27
1243;27
1234;27
1207;27
1137;27
1053;27
989;27
920;27
845;27
766;27
670;27
575;27
489;27
400;27
376;27
342;27
280;27
307;27
353;27
401;27
439;27
469;27
493;27
512;27
528;27
540;27
550;27
558;27
565;27
570;27
574;27
577;27
580;27
582;27
583;27
585;27
586;27
533;27
544;27
553;27
561;27
567;27
571;27
575;27
578;27
580;27
582;27
584;27
585;27
586;27
587;27
587;27
588;27
588;27
589;27
589;27
589;27
589;27
589;27
590;27
590;27
590;27
590;27
590;27
590;27
590;27
590;27
590;27
590;27
590;27
590;27
590;27
590;27
590;27
590;27
590;27
590;27
590;27
590;27
590;27
590;27
590;27
590;27
590;27
590;27
590;27
590;27
590;27
590;27
590;27
590;27
590;27
590;27
590;27
590;27
590;27
590;27
590;27
590;27
590;27
590;27
590;27
590;27
590;27
590;27
590;27
590;27
590;27
590;27
590;27
590;27
590;27
590;27
590;27
590;27
590;27
590;27
590;27
590;27
590;27
590;27
590;27
590;27
590;27
590;27
590;27
590;27
590;27
590;27
590;27
590;27
590;27
590;27
590;27
590;27
590;27
590;27
590;27
590;27
590;27
590;27
590;27
590;27
590;27
590;27
590;27
590;27
590;27
590;27
590;27
590;27
590;27
590;27
590;27
590;27
590;27
590;27
590;27
590;27
590;27
590;27
590;27
590;27
590;27
590;27
590;27
590;27
590;27
590;27
590;27
590;27
590;27
590;27
590;27
590;27
590;27
590;27
590;27
590;27
590;27
590;27
590;27
590;27
590;27
590;27
590;27
590;27
590;27
590;27
590;27
590;27
590;27
590;27
590;27
590;27
590;27
590;27
590;27
590;27
590;27
590;27
590;27
590;27
590;27
590;27
1068;27
1450;27
1754;27
1996;27
2188;27
2340;27
2458;27
2550;27
2618;27
2672;27
2711;27
2740;27
2758;27
2770;27
2777;27
2772;27
2770;27
2760;27
2745;27
2739;27
2734;27
2711;27
2688;27
2665;27
2643;27
2612;27
2549;27
2494;27
2440;27
2400;27
2351;27
2312;27
2256;27
2202;27
2136;27
2079;27
2015;27
1968;27
1926;27
1893;27
1854;27
1804;27
1754;27
1710;27
1671;27
1623;27
1574;27
1495;27
1468;27
1402;27
1347;27
1284;27
1190;27
1125;27
1035;27
919;27
749;27
701;27
679;27
661;27
647;27
635;27
626;27
619;27
613;27
609;27
605;27
602;27
600;27
598;27
596;27
595;27
594;27
593;27
593;27
592;27
592;27
591;27
530;27
449;27
471;27
495;27
514;27
529;27
541;27
551;27
559;27
565;27
540;27
528;27
479;27
486;27
449;27
436;27
469;27
439;27
470;27
494;27
513;27
528;27
541;27
551;27
558;27
565;27
570;27
574;27
577;27
580;27
582;27
583;27
585;27
586;27
587;27
587;27
588;27
588;27
589;27
589;27
589;27
589;27
589;27
590;27
590;27
590;27
590;27
590;27
590;27
590;27
590;27
590;27
590;27
590;27
590;27
590;27
590;27
590;27
590;27
590;27
590;27
590;27
590;27
590;27
590;27
590;27
590;27
590;27
590;27
590;27
590;27
590;27
590;27
590;27
590;27
590;27
590;27
590;27
590;27
590;27
590;27
590;27
590;27
590;27
590;27
590;27
590;27
590;27
590;27
590;27
590;27
590;27
590;27
590;27
590;27
590;27
590;27
590;27
590;27
590;27
590;27
590;27
590;27
590;27
590;27
590;27
590;27
590;27
590;27
590;27
590;27
590;27
590;27
590;27
590;27
590;27
590;27
590;27
590;27
692;27
971;27
1077;27
1161;27
1280;27
1395;27
1554;27
1733;27
1950;27
2113;27
2254;27
2357;27
2444;27
2447;27
2449;27
2510;27
2533;27
2600;27
2668;27
2709;27
2769;27
2806;27
2793;27
2823;27
2759;27
2746;27
2608;27
2282;27
1903;27
1640;27
1430;27
1262;27
1128;27
1020;27
934;27
865;27
810;27
766;27
731;27
703;27
680;27
662;27
648;27
636;27
627;27
620;27
614;27
609;27
605;27
602;27
600;27
598;27
596;27
595;27
594;27
593;27
593;27
592;27
592;27
591;27
591;27
591;27
591;27
591;27
590;27
590;27
590;27
590;27
590;27
590;27
590;27
590;27
590;27
590;27
590;27
590;27
590;27
590;27
590;27
590;27
590;27
590;27
590;27
590;27
590;27
590;27
590;27
590;27
590;27
590;27
590;27
590;27
590;27
590;27
590;27
590;27
590;27
590;27
590;27
590;27
590;27
590;27
590;27
590;27
590;27
590;27
590;27
590;27
590;27
590;27
590;27
590;27
590;27
590;27
590;27
590;27
590;27
590;27
590;27
574;27
722;27
858;27
837;27
919;27
1027;27
1066;27
1107;27
1151;27
1185;27
1169;27
1198;27
1175;27
1118;27
1029;27
893;27
833;27
784;27
745;27
714;27
689;27
670;27
654;27
641;27
631;27
623;27
616;27
611;27
607;27
603;27
601;27
599;27
597;27
595;27
594;27
593;27
593;27
592;27
592;27
591;27
591;27
591;27
591;27
591;27
590;27
590;27
590;27
590;27
590;27
590;27
590;27
590;27
590;27
590;27
590;27
590;27
590;27
590;27
590;27
590;27
590;27
590;27
590;27
590;27
590;27
590;27
590;27
590;27
590;27
590;27
590;27
590;27
590;27
590;27
590;27
590;27
590;27
590;27
590;27
590;27
590;27
590;27
590;27
590;27
590;27
590;27
590;27
590;27
590;27
590;27
590;27
590;27
590;27
590;27
590;27
590;27
590;27
590;27
590;27
590;27
590;27
590;27
590;27
590;27
590;27
590;27
590;27
590;27
590;27
590;27
590;27
590;27
776;27
906;27
953;27
932;27
845;27
805;27
842;27
923;27
996;27
1230;27
1369;27
1560;27
1798;27
2038;27
2213;27
2330;27
2378;27
2357;27
2206;27
1974;27
1900;27
1741;27
1723;27
1717;27
1617;27
1540;27
1539;27
1716;27
1805;27
1581;27
1383;27
1224;27
1097;27
996;27
915;27
850;27
798;27
756;27
723;27
696;27
675;27
658;27
644;27
634;27
625;27
618;27
612;27
608;27
604;27
601;27
599;27
597;27
596;27
595;27
594;27
593;27
592;27
592;27
592;27
591;27
591;27
591;27
591;27
591;27
590;27
590;27
590;27
590;27
590;27
590;27
590;27
590;27
590;27
590;27
590;27
590;27
590;27
590;27
590;27
590;27
590;27
590;27
590;27
590;27
590;27
590;27
590;27
590;27
590;27
590;27
590;27
590;27
590;27
590;27
590;27
590;27
590;27
590;27
590;27
590;27
590;27
590;27
590;27
590;27
590;27
590;27
590;27
590;27
590;27
590;27
590;27
590;27
590;27
590;27
590;27
590;27
590;27
590;27
555;27
523;27
547;27
611;27
761;27
868;27
855;27
876;27
925;27
859;27
967;27
789;27
795;27
745;27
643;27
633;27
624;27
617;27
612;27
608;27
604;27
601;27
599;27
597;27
596;27
595;27
594;27
593;27
592;27
592;27
592;27
591;27
591;27
591;27
591;27
590;27
590;27
590;27
590;27
590;27
590;27
590;27
590;27
590;27
590;27
590;27
590;27
590;27
590;27
590;27
590;27
590;27
590;27
590;27
590;27
590;27
590;27
590;27
590;27
590;27
590;27
590;27
590;27
590;27
590;27
590;27
590;27
590;27
590;27
590;27
590;27
590;27
590;27
590;27
590;27
590;27
590;27
590;27
590;27
590;27
590;27
590;27
590;27
590;27
590;27
590;27
590;27
590;27
590;27
590;27
590;27
590;27
590;27
590;27
590;27
590;27
590;27
590;27
590;27
590;27
590;27
590;27
590;27
590;27
590;27
590;27
537;27
659;27
759;27
833;27
910;27
842;27
722;27
593;27
593;27
592;27
487;27
477;27
566;27
761;27
991;27
1210;27
1457;27
1640;27
1753;27
1835;27
1843;27
1690;27
1502;27
1353;27
1188;27
1127;27
1082;27
1037;27
983;27
1091;27
1316;27
1513;27
1476;27
1299;27
1157;27
1044;27
953;27
880;27
822;27
776;27
739;27
709;27
685;27
666;27
651;27
639;27
629;27
621;27
615;27
610;27
606;27
603;27
600;27
598;27
597;27
595;27
594;27
593;27
593;27
592;27
592;27
591;27
591;27
591;27
591;27
591;27
590;27
590;27
590;27
590;27
590;27
726;27
594;27
593;27
592;27
592;27
591;27
535;27
558;27
669;27
816;27
1267;27
1473;27
1709;27
1929;27
2145;27
2413;27
2631;27
2806;27
2946;27
3058;27
3147;27
3186;27
3183;27
3146;27
3136;27
3101;27
3030;27
2948;27
2850;27
2760;27
2699;27
2712;27
2685;27
2643;27
2563;27
2526;27
2478;27
2438;27
2363;27
2363;27
2329;27
2308;27
2294;27
2285;27
2280;27
2232;27
2129;27
2034;27
1959;27
1891;27
1899;27
1837;27
1792;27
1768;27
1721;27
1701;27
1742;27
1793;27
1862;27
1950;27
2059;27
2203;27
2352;27
2474;27
2613;27
2769;27
2860;27
2797;27
2583;27
2141;27
1831;27
1583;27
1384;27
1225;27
1098;27
997;27
915;27
850;27
798;27
757;27
723;27
697;27
587;27
552;27
525;27
623;27
756;27
806;27
867;27
893;27
882;27
881;27
864;27
846;27
737;27
642;27
561;27
468;27
385;27
311;27
296;27
253;27
321;27
375;27
418;27
452;27
480;27
502;27
519;27
534;27
545;27
554;27
561;27
567;27
571;27
575;27
578;27
581;27
582;27
584;27
585;27
586;27
587;27
588;27
588;27
588;27
589;27
589;27
589;27
589;27
589;27
590;27
590;27
590;27
590;27
590;27
590;27
590;27
590;27
509;27
524;27
522;27
456;27
434;27
583;27
649;27
714;27
973;27
1240;27
1440;27
1534;27
1463;27
1329;27
1168;27
1053;27
960;27
886;27
827;27
779;27
742;27
711;27
687;27
668;27
652;27
640;27
630;27
622;27
615;27
610;27
606;27
603;27
600;27
598;27
597;27
595;27
594;27
593;27
593;27
592;27
592;27
591;27
591;27
591;27
591;27
591;27
590;27
590;27
590;27
590;27
590;27
590;27
590;27
590;27
715;27
1219;27
1619;27
1921;27
2142;27
2297;27
2404;27
2469;27
2505;27
2509;27
2463;27
2431;27
2399;27
2366;27
2335;27
2389;27
2422;27
2360;27
2303;27
2245;27
2191;27
2188;27
2218;27
2128;27
2066;27
2014;27
1966;27
1915;27
1865;27
1818;27
1766;27
1718;27
1663;27
1609;27
1558;27
1508;27
1455;27
1402;27
1349;27
1296;27
1243;27
1192;27
1147;27
1097;27
1040;27
979;27
910;27
836;27
750;27
658;27
566;27
465;27
376;27
320;27
317;27
366;27
410;27
446;27
475;27
498;27
516;27
531;27
543;27
552;27
560;27
566;27
571;27
575;27
578;27
580;27
582;27
584;27
585;27
616;27
893;27
1116;27
1299;27
1438;27
1709;27
1485;27
1306;27
1163;27
1048;27
957;27
883;27
825;27
778;27
740;27
1165;27
1583;27
1527;27
1471;27
1459;27
1475;27
1484;27
1500;27
1549;27
1629;27
1723;27
1781;27
1784;27
1843;27
1885;27
1973;27
2048;27
2109;27
2173;27
2228;27
2330;27
2431;27
2521;27
2591;27
2608;27
2563;27
2531;27
2437;27
2404;27
2358;27
2366;27
2381;27
2424;27
2444;27
2492;27
2514;27
2514;27
2517;27
2523;27
2520;27
2520;27
2501;27
2519;27
2544;27
2573;27
2589;27
2634;27
2664;27
2696;27
2732;27
2762;27
2805;27
2813;27
2837;27
2860;27
2882;27
2910;27
2932;27
2944;27
2931;27
2931;27
2929;27
2925;27
2909;27
2906;27
2913;27
2892;27
2907;27
2893;27
2890;27
2875;27
2872;27
2899;27
2916;27
2908;27
2919;27
2956;27
2981;27
3045;27
3107;27
3167;27
3231;27
3286;27
3330;27
3363;27
3389;27
3407;27
3427;27
3433;27
3431;27
3435;27
3417;27
3432;27
3391;27
3395;27
3416;27
3428;27
3434;27
3448;27
3452;27
3445;27
3424;27
3389;27
3326;27
3267;27
3170;27
3027;27
2921;27
2854;27
2776;27
2694;27
2584;27
2468;27
2425;27
2372;27
2322;27
2244;27
2213;27
2206;27
2212;27
2205;27
2171;27
2159;27
2165;27
2197;27
2219;27
2307;27
2413;27
2500;27
2595;27
2635;27
2677;27
2715;27
2766;27
2834;27
2876;27
2861;27
2872;27
2848;27
2810;27
2795;27
2768;27
2736;27
2708;27
2789;27
2779;27
2793;27
2753;27
2765;27
2739;27
2714;27
2722;27
2752;27
2754;27
2738;27
2744;27
2739;27
2720;27
2729;27
2725;27
2701;27
2707;27
2728;27
2731;27
2755;27
2809;27
2837;27
2868;27
2890;27
2913;27
2924;27
2938;27
2978;27
3013;27
3060;27
3095;27
3137;27
3176;27
3228;27
3284;27
3328;27
3363;27
3392;27
3413;27
3401;27
3374;27
3346;27
3356;27
3360;27
3332;27
3319;27
3277;27
3233;27
3207;27
3130;27
3047;27
2993;27
2931;27
2896;27
2859;27
2835;27
2754;27
2712;27
2642;27
2554;27
2462;27
2373;27
2296;27
2247;27
2191;27
2103;27
2033;27
1955;27
1870;27
1812;27
1783;27
1759;27
1655;27
1544;27
1468;27
1380;27
1317;27
1252;27
1205;27
1165;27
1163;27
1176;27
1193;27
1228;27
1287;27
1394;27
1493;27
1583;27
1648;27
1726;27
1808;27
1871;27
1941;27
1976;27
2012;27
1992;27
1955;27
1895;27
1869;27
1883;27
1847;27
1813;27
1783;27
1753;27
1723;27
1688;27
1663;27
1607;27
1573;27
1570;27
1558;27
1542;27
1528;27
1509;27
1521;27
1531;27
1558;27
1566;27
1572;27
1581;27
1602;27
1608;27
1578;27
1597;27
1609;27
1621;27
1641;27
1663;27
1702;27
1707;27
1792;27
1833;27
1866;27
1903;27
1922;27
1951;27
1995;27
2056;27
2157;27
2219;27
2292;27
2385;27
2461;27
2554;27
2651;27
2729;27
2802;27
2889;27
2959;27
3063;27
3152;27
3221;27
3232;27
3245;27
3216;27
3178;27
3149;27
3086;27
3002;27
2898;27
2787;27
2662;27
2540;27
2461;27
2362;27
2284;27
2201;27
2117;27
2014;27
1941;27
1850;27
1765;27
1678;27
1588;27
1503;27
1414;27
1316;27
1208;27
1106;27
1010;27
904;27
835;27
722;27
603;27
496;27
412;27
379;27
347;27
341;27
348;27
439;27
584;27
729;27
847;27
960;27
1089;27
1205;27
1302;27
1431;27
1514;27
1586;27
1593;27
1583;27
1512;27
1434;27
1351;27
1256;27
1168;27
1105;27
1042;27
974;27
933;27
888;27
851;27
804;27
760;27
717;27
673;27
659;27
630;27
570;27
529;27
499;27
464;27
448;27
454;27
456;27
460;27
463;27
458;27
447;27
459;27
463;27
486;27
515;27
556;27
610;27
669;27
727;27
799;27
872;27
935;27
1026;27
1114;27
1206;27
1307;27
1442;27
1594;27
1723;27
1861;27
2032;27
2196;27
2369;27
2568;27
2755;27
2905;27
3024;27
3106;27
3150;27
3140;27
3160;27
3117;27
3063;27
2982;27
2892;27
2789;27
2671;27
2580;27
2483;27
2345;27
2245;27
2247;27
2342;27
2464;27
2669;27
2836;27
2970;27
3061;27
3095;27
3094;27
3064;27
3006;27
2885;27
2738;27
2596;27
2427;27
2204;27
2011;27
1798;27
1571;27
1312;27
1093;27
992;27
912;27
847;27
796;27
755;27
665;27
629;27
538;27
512;27
536;27
602;27
701;27
897;27
1114;27
1380;27
1658;27
1928;27
2170;27
2377;27
2560;27
2749;27
2826;27
2962;27
2987;27
2977;27
2968;27
2929;27
2893;27
2908;27
2862;27
2820;27
2790;27
2753;27
2715;27
2664;27
2634;27
2571;27
2525;27
2462;27
2460;27
2386;27
2369;27
2295;27
2195;27
2163;27
2167;27
2187;27
2139;27
2187;27
2209;27
2066;27
1922;27
1853;27
1851;27
1844;27
1931;27
1917;27
1860;27
1904;27
1782;27
1666;27
1442;27
1313;27
1092;27
992;27
911;27
1209;27
1669;27
2036;27
2330;27
2565;27
2753;27
2903;27
3024;27
3120;27
3197;27
3259;27
3308;27
3347;27
3379;27
3404;27
3424;27
3440;27
3453;27
3464;27
3472;27
3479;27
3484;27
3488;27
3491;27
3494;27
3496;27
3498;27
3499;27
3501;27
3501;27
3502;27
3503;27
3503;27
3504;27
3504;27
3504;27
3504;27
3504;27
3505;27
3505;27
3505;27
2922;27
2455;27
2082;27
1784;27
1545;27
1354;27
1201;27
1079;27
981;27
903;27
840;27
1271;27
1616;27
1889;27
2110;27
2299;27
2425;27
2543;27
2636;27
2705;27
2755;27
2767;27
2773;27
2779;27
2775;27
2768;27
2755;27
2769;27
2774;27
2774;27
2769;27
2762;27
2751;27
2736;27
2717;27
2696;27
2677;27
2655;27
2631;27
2608;27
2579;27
2547;27
2505;27
2459;27
2352;27
2260;27
2154;27
2056;27
1969;27
1863;27
1780;27
1704;27
1628;27
1558;27
1490;27
1429;27
1368;27
1312;27
1258;27
1199;27
1190;27
1025;27
1009;27
987;27
952;27
907;27
834;27
771;27
678;27
571;27
478;27
404;27
352;27
326;27
379;27
416;27
451;27
478;27
501;27
519;27
533;27
544;27
553;27
561;27
567;27
571;27
575;27
578;27
580;27
582;27
584;27
585;27
586;27
587;27
587;27
588;27
588;27
589;27
589;27
589;27
589;27
589;27
590;27
590;27
590;27
590;27
590;27
590;27
590;27
590;27
590;27
590;27
590;27
590;27
590;27
590;27
590;27
590;27
590;27
590;27
590;27
590;27
590;27
590;27
590;27
590;27
590;27
590;27
590;27
590;27
590;27
590;27
590;27
590;27
590;27
590;27
590;27
590;27
590;27
590;27
590;27
590;27
590;27
590;27
590;27
590;27
590;27
590;27
590;27
590;27
590;27
590;27
590;27
590;27
590;27
590;27
590;27
590;27
590;27
590;27
590;27
590;27
590;27
590;27
590;27
590;27
590;27
590;27
590;27
590;27
590;27
590;27
590;27
590;27
590;27
590;27
590;27
590;27
590;27
590;27
590;27
590;27
590;27
590;27
590;27
590;27
590;27
590;27
590;27
590;27
590;27
590;27
590;27
590;27
590;27
590;27
590;27
590;27
590;27
590;27
590;27
590;27
590;27
590;27
590;27
590;27
590;27
590;27
590;27
590;27
590;27
590;27
590;27
590;27
952;27
1238;27
1460;27
1632;27
1760;27
1855;27
1926;27
1971;27
1998;27
2013;27
2019;27
2012;27
2003;27
1986;27
1963;27
1942;27
1911;27
1874;27
1836;27
1795;27
1751;27
1709;27
1663;27
1618;27
1568;27
1517;27
1463;27
1413;27
1357;27
1300;27
1243;27
1184;27
1123;27
1061;27
999;27
935;27
875;27
800;27
722;27
639;27
553;27
474;27
397;27
331;27
277;27
226;27
202;27
211;27
244;27
314;27
369;27
414;27
449;27
477;27
500;27
518;27
533;27
544;27
554;27
561;27
567;27
572;27
576;27
579;27
581;27
583;27
585;27
586;27
587;27
588;27
588;27
589;27
589;27
590;27
590;27
590;27
590;27
590;27
591;27
591;27
591;27
591;27
591;27
591;27
591;27
591;27
591;27
591;27
591;27
591;27
591;27
591;27
591;27
591;27
591;27
591;27
591;27
591;27
591;27
591;27
591;27
591;27
591;27
591;27
591;27
591;27
591;27
591;27
591;27
591;27
591;27
591;27
591;27
591;27
591;27
591;27
591;27
591;27
591;27
591;27
591;27
591;27
591;27
591;27
591;27
591;27
591;27
591;27
591;27
591;27
591;27
591;27
591;27
591;27
591;27
591;27
591;27
591;27
591;27
591;27
591;27
591;27
591;27
591;27
591;27
591;27
591;27
591;27
591;27
591;27
591;27
591;27
591;27
591;27
591;27
591;27
591;27
591;27
591;27
591;27
591;27
591;27
591;27
591;27
591;27
591;27
591;27
591;27
591;27
591;27
591;27
591;27
591;27
591;27
591;27
591;27
591;27
591;27
591;27
591;27
591;27
591;27
591;27
591;27
591;27
591;27
591;27
591;27
591;27
591;27
591;27
591;27
591;27
591;27
591;27
591;27
591;27
890;27
1185;27
1418;27
1598;27
1736;27
1839;27
1915;27
1967;27
2002;27
2020;27
2024;27
2017;27
2000;27
1980;27
1952;27
1920;27
1888;27
1857;27
1824;27
1786;27
1745;27
1703;27
1656;27
1610;27
1559;27
1508;27
1460;27
1414;27
1358;27
1303;27
1237;27
1173;27
1105;27
1038;27
971;27
896;27
819;27
740;27
655;27
574;27
471;27
388;27
352;27
358;27
405;27
442;27
472;27
496;27
515;27
530;27
542;27
552;27
560;27
566;27
571;27
575;27
578;27
581;27
583;27
584;27
586;27
587;27
588;27
588;27
589;27
589;27
590;27
590;27
590;27
590;27
590;27
591;27
591;27
591;27
591;27
591;27
591;27
591;27
591;27
591;27
591;27
591;27
591;27
591;27
591;27
591;27
591;27
591;27
591;27
591;27
591;27
591;27
591;27
591;27
591;27
591;27
591;27
591;27
591;27
591;27
591;27
591;27
591;27
591;27
591;27
591;27
591;27
591;27
591;27
591;27
591;27
591;27
591;27
591;27
591;27
591;27
591;27
591;27
591;27
591;27
591;27
591;27
591;27
591;27
591;27
591;27
591;27
591;27
591;27
591;27
591;27
591;27
591;27
591;27
591;27
591;27
591;27
591;27
591;27
591;27
591;27
591;27
591;27
591;27
591;27
591;27
591;27
591;27
591;27
591;27
591;27
591;27
591;27
591;27
591;27
591;27
591;27
591;27
591;27
591;27
591;27
591;27
591;27
591;27
591;27
591;27
591;27
591;27
591;27
591;27
591;27
591;27
591;27
591;27
591;27
591;27
591;27
591;27
591;27
591;27
591;27
591;27
591;27
591;27
591;27
591;27
591;27
591;27
591;27
591;27
591;27
591;27
591;27
591;27
591;27
955;27
1238;27
1458;27
1628;27
1755;27
1850;27
1921;27
1966;27
1998;27
2014;27
2019;27
2014;27
2001;27
1981;27
1960;27
1930;27
1894;27
1854;27
1814;27
1768;27
1720;27
1673;27
1620;27
1576;27
1526;27
1480;27
1441;27
1424;27
1345;27
1275;27
1213;27
1142;27
1070;27
991;27
910;27
828;27
745;27
652;27
553;27
457;27
392;27
384;27
418;27
453;27
481;27
503;27
520;27
534;27
546;27
555;27
562;27
568;27
572;27
576;27
579;27
582;27
583;27
585;27
586;27
587;27
588;27
589;27
589;27
589;27
590;27
590;27
590;27
590;27
590;27
591;27
591;27
591;27
591;27
591;27
591;27
591;27
591;27
591;27
591;27
591;27
591;27
591;27
591;27
591;27
591;27
591;27
591;27
591;27
591;27
591;27
591;27
591;27
591;27
591;27
591;27
591;27
591;27
591;27
591;27
591;27
591;27
591;27
591;27
591;27
591;27
591;27
591;27
591;27
591;27
591;27
591;27
591;27
591;27
591;27
591;27
591;27
591;27
591;27
591;27
591;27
591;27
591;27
591;27
591;27
591;27
591;27
591;27
591;27
591;27
591;27
591;27
591;27
591;27
591;27
591;27
591;27
591;27
591;27
591;27
591;27
591;27
591;27
591;27
591;27
591;27
591;27
591;27
591;27
591;27
591;27
591;27
591;27
591;27
591;27
591;27
591;27
591;27
591;27
591;27
591;27
591;27
591;27
591;27
591;27
591;27
591;27
591;27
591;27
591;27
591;27
591;27
591;27
591;27
591;27
591;27
591;27
591;27
591;27
591;27
591;27
591;27
591;27
591;27
591;27
591;27
591;27
591;27
591;27
591;27
591;27
591;27
591;27
591;27
940;27
1212;27
1426;27
1589;27
1711;27
1800;27
1862;27
1899;27
1920;27
1931;27
1931;27
1926;27
1914;27
1900;27
1876;27
1848;27
1816;27
1778;27
1740;27
1703;27
1658;27
1608;27
1553;27
1499;27
1443;27
1389;27
1337;27
1278;27
1219;27
1174;27
1122;27
1058;27
984;27
908;27
831;27
748;27
664;27
572;27
460;27
400;27
392;27
411;27
447;27
476;27
499;27
518;27
533;27
545;27
554;27
562;27
568;27
573;27
576;27
580;27
582;27
584;27
586;27
587;27
588;27
589;27
589;27
590;27
590;27
591;27
591;27
591;27
591;27
591;27
592;27
592;27
662;27
732;27
767;27
777;27
718;27
649;27
577;27
491;27
393;27
349;27
331;27
315;27
286;27
239;27
242;27
270;27
286;27
324;27
373;27
448;27
554;27
660;27
769;27
875;27
970;27
1004;27
1022;27
1021;27
988;27
1001;27
990;27
981;27
941;27
906;27
936;27
941;27
917;27
885;27
860;27
820;27
798;27
790;27
752;27
686;27
654;27
656;27
667;27
688;27
697;27
723;27
777;27
813;27
829;27
866;27
907;27
954;27
1015;27
1077;27
1142;27
1219;27
1297;27
1396;27
1475;27
1543;27
1635;27
1723;27
1811;27
1888;27
1995;27
2084;27
2196;27
2336;27
2501;27
2684;27
2848;27
2969;27
3047;27
3094;27
3096;27
3029;27
2975;27
2890;27
2790;27
2687;27
2571;27
2431;27
2300;27
2103;27
1977;27
1848;27
1712;27
1584;27
1440;27
1322;27
1204;27
1085;27
963;27
840;27
695;27
563;27
540;27
550;27
559;27
565;27
571;27
575;27
578;27
581;27
583;27
585;27
586;27
588;27
588;27
496;27
442;27
358;27
353;27
340;27
418;27
495;27
571;27
625;27
705;27
725;27
703;27
753;27
797;27
806;27
762;27
754;27
708;27
707;27
664;27
624;27
604;27
596;27
555;27
508;27
486;27
487;27
498;27
498;27
495;27
525;27
557;27
585;27
615;27
655;27
699;27
734;27
793;27
856;27
912;27
1000;27
1084;27
1154;27
1228;27
1329;27
1422;27
1553;27
1655;27
1798;27
1943;27
2073;27
2221;27
2409;27
2628;27
2803;27
2930;27
2992;27
3016;27
3022;27
3003;27
2950;27
2893;27
2807;27
2690;27
2557;27
2407;27
2250;27
2085;27
1969;27
1835;27
1687;27
1538;27
1390;27
1241;27
1069;27
896;27
729;27
668;27
653;27
641;27
631;27
623;27
617;27
612;27
608;27
605;27
602;27
600;27
599;27
597;27
596;27
595;27
595;27
594;27
594;27
543;27
465;27
420;27
422;27
445;27
481;27
500;27
514;27
494;27
472;27
454;27
441;27
395;27
375;27
346;27
322;27
341;27
349;27
321;27
276;27
240;27
231;27
220;27
197;27
185;27
188;27
178;27
176;27
167;27
204;27
203;27
249;27
296;27
348;27
385;27
420;27
477;27
521;27
579;27
655;27
731;27
824;27
906;27
990;27
1092;27
1172;27
1260;27
1335;27
1458;27
1611;27
1753;27
1901;27
2105;27
2288;27
2489;27
2691;27
2850;27
2958;27
2990;27
3010;27
2958;27
2833;27
2681;27
2520;27
2318;27
2104;27
1892;27
1673;27
1453;27
1204;27
1037;27
865;27
737;27
692;27
611;27
565;27
571;27
575;27
578;27
581;27
583;27
585;27
586;27
588;27
588;27
589;27
590;27
590;27
591;27
591;27
591;27
591;27
591;27
592;27
563;27
460;27
417;27
390;27
394;27
421;27
404;27
343;27
281;27
227;27
218;27
189;27
186;27
223;27
284;27
346;27
395;27
434;27
466;27
491;27
511;27
527;27
540;27
551;27
559;27
566;27
571;27
575;27
578;27
581;27
583;27
585;27
586;27
588;27
560;27
462;27
375;27
337;27
315;27
356;27
394;27
492;27
570;27
730;27
859;27
1007;27
1140;27
1327;27
1503;27
1693;27
1901;27
2161;27
2380;27
2592;27
2774;27
2891;27
2923;27
2924;27
2875;27
2790;27
2719;27
2599;27
2449;27
2291;27
2133;27
1921;27
1736;27
1523;27
1323;27
1069;27
919;27
825;27
779;27
741;27
711;27
688;27
668;27
653;27
641;27
631;27
623;27
617;27
612;27
608;27
605;27
602;27
600;27
599;27
597;27
596;27
595;27
595;27
594;27
594;27
593;27
593;27
593;27
593;27
593;27
592;27
592;27
592;27
592;27
592;27
592;27
592;27
592;27
592;27
592;27
592;27
592;27
592;27
592;27
592;27
592;27
592;27
592;27
592;27
592;27
592;27
592;27
592;27
592;27
592;27
592;27
592;27
592;27
592;27
592;27
592;27
592;27
592;27
592;27
592;27
592;27
592;27
592;27
539;27
443;27
399;27
408;27
466;27
533;27
638;27
811;27
1023;27
1243;27
1507;27
1793;27
2087;27
2337;27
2569;27
2724;27
2773;27
2733;27
2638;27
2465;27
2267;27
2024;27
1763;27
1518;27
1274;27
1051;27
860;27
743;27
712;27
688;27
669;27
654;27
641;27
631;27
624;27
617;27
612;27
608;27
605;27
602;27
600;27
599;27
597;27
596;27
595;27
595;27
594;27
594;27
593;27
593;27
593;27
593;27
593;27
592;27
592;27
592;27
592;27
592;27
592;27
592;27
592;27
592;27
592;27
592;27
592;27
592;27
592;27
592;27
592;27
592;27
592;27
592;27
592;27
592;27
592;27
592;27
592;27
592;27
592;27
592;27
592;27
592;27
592;27
592;27
592;27
592;27
592;27
592;27
592;27
528;27
620;27
752;27
925;27
1119;27
1324;27
1520;27
1687;27
1861;27
2012;27
2130;27
2247;27
2368;27
2489;27
2602;27
2721;27
2797;27
2909;27
2986;27
3073;27
3159;27
3228;27
3283;27
3327;27
3362;27
3390;27
3413;27
3431;27
3445;27
3457;27
3466;27
3473;27
3472;27
3473;27
3479;27
3474;27
3480;27
3484;27
3488;27
3491;27
3493;27
3495;27
3497;27
3475;27
3480;27
3485;27
3463;27
3455;27
3448;27
3430;27
3398;27
3346;27
3313;27
3284;27
3233;27
3197;27
3171;27
3124;27
3051;27
2949;27
2814;27
2697;27
2593;27
2525;27
2455;27
2392;27
2335;27
2269;27
2215;27
2195;27
2149;27
2116;27
2102;27
2081;27
2044;27
2066;27
2127;27
2222;27
2330;27
2476;27
2598;27
2702;27
2806;27
2893;27
2986;27
3032;27
3069;27
3111;27
3115;27
3119;27
3127;27
3142;27
3141;27
3117;27
3088;27
3075;27
3095;27
3102;27
3108;27
3094;27
3099;27
3106;27
3128;27
3148;27
3144;27
3145;27
3169;27
3165;27
3163;27
3122;27
3090;27
3088;27
3090;27
3067;27
3075;27
3074;27
3086;27
3095;27
3081;27
3071;27
3052;27
3043;27
3041;27
3031;27
3020;27
3005;27
3008;27
3018;27
3038;27
3077;27
3098;27
3140;27
3171;27
3203;27
3228;27
3254;27
3253;27
3281;27
3245;27
3222;27
3170;27
3099;27
3006;27
2947;27
2881;27
2821;27
2798;27
2767;27
2751;27
2709;27
2679;27
2651;27
2697;27
2791;27
2930;27
3045;27
3101;27
3147;27
3156;27
3216;27
3239;27
2927;27
2906;27
2867;27
2876;27
2852;27
2859;27
2897;27
2871;27
2828;27
2803;27
2767;27
2730;27
2702;27
2686;27
2646;27
2640;27
2603;27
2581;27
2557;27
2573;27
2538;27
2509;27
2519;27
2508;27
2495;27
2484;27
2454;27
2460;27
2466;27
2446;27
2465;27
2484;27
2486;27
2441;27
2439;27
2401;27
2369;27
2344;27
2298;27
2302;27
2298;27
2346;27
2421;27
2522;27
2618;27
2710;27
2731;27
2879;27
3004;27
3078;27
3163;27
3230;27
3266;27
3304;27
3321;27
3168;27
3154;27
3116;27
3031;27
2964;27
2848;27
2618;27
2474;27
2346;27
2211;27
2085;27
1943;27
1786;27
1584;27
1329;27
1076;27
979;27
902;27
840;27
790;27
751;27
719;27
694;27
673;27
657;27
644;27
634;27
625;27
619;27
613;27
609;27
606;27
603;27
601;27
599;27
598;27
596;27
596;27
617;27
829;27
1129;27
1469;27
1818;27
2155;27
2425;27
2641;27
2813;27
2951;27
3061;27
3150;27
3220;27
3277;27
3322;27
3358;27
3387;27
3410;27
3429;27
3444;27
3456;27
3465;27
3473;27
3479;27
3484;27
3487;27
3491;27
3493;27
3495;27
3497;27
3498;27
3499;27
3500;27
3500;27
3501;27
3501;27
3502;27
3502;27
3502;27
3502;27
3502;27
3503;27
3503;27
3503;27
3503;27
3503;27
3503;27
3503;27
3503;27
3503;27
3503;27
3503;27
3503;27
3503;27
3503;27
3503;27
3503;27
3503;27
3503;27
3503;27
3503;27
3503;27
3503;27
3503;27
3503;27
3503;27
3503;27
3503;27
3503;27
3503;27
3503;27
3503;27
3503;27
3503;27
3503;27
3503;27
3503;27
3503;27
3503;27
3503;27
3503;27
3503;27
3503;27
3503;27
3503;27
3503;27
3503;27
3503;27
3503;27
3503;27
3503;27
3503;27
3503;27
3503;27
3503;27
3503;27
3503;27
3503;27
3503;27
3503;27
3503;27
3503;27
3503;27
3503;27
3503;27
3503;27
3503;27
3503;27
3503;27
3503;27
3503;27
3503;27
3503;27
3503;27
3503;27
3503;27
3503;27
3503;27
3503;27
3503;27
3503;27
3503;27
3503;27
3503;27
3503;27
3503;27
3503;27
3503;27
3503;27
3503;27
3503;27
3503;27
3503;27
3503;27
3503;27
3503;27
3503;27
3503;27
3503;27
3503;27
3503;27
3503;27
3503;27
3503;27
3503;27
3503;27
3503;27
3503;27
3503;27
3503;27
3503;27
3503;27
3503;27
3503;27
3503;27
3503;27
3503;27
3503;27
3503;27
3503;27
3503;27
3503;27
3503;27
3503;27
3503;27
3503;27
3503;27
3503;27
3503;27
3503;27
3503;27
3503;27
3503;27
3503;27
3503;27
3503;27
3503;27
3503;27
3503;27
3503;27
3503;27
3503;27
3503;27
3503;27
3503;27
3503;27
3503;27
3503;27
3503;27
3503;27
3503;27
3503;27
3503;27
3503;27
3503;27
3503;27
3503;27
3503;27
3503;27
3503;27
3503;27
3503;27
3503;27
3503;27
3503;27
3503;27
3503;27
3503;27
3503;27
3503;27
3503;27
3503;27
3503;27
3503;27
3503;27
3503;27
3503;27
3503;27
3503;27
3503;27
3503;27
3503;27
3503;27
3503;27
3503;27
3503;27
3503;27
3503;27
3503;27
3503;27
3503;27
3503;27
3503;27
3503;27
3503;27
3503;27
3503;27
3503;27
3503;27
3503;27
3503;27
3503;27
3503;27
3503;27
3503;27
3503;27
3503;27
3503;27
3503;27
3503;27
3503;27
3503;27
3503;27
3503;27
3503;27
3503;27
3503;27
3503;27
3503;27
3503;27
3503;27
3503;27
3503;27
3503;27
3503;27
3503;27
3503;27
3503;27
3503;27
3503;27
3503;27
3503;27
3503;27
3503;27
3503;27
3503;27
3503;27
3503;27
3503;27
3503;27
3503;27
3503;27
3503;27
3503;27
3503;27
3503;27
3503;27
3503;27
3503;27
3503;27
3503;27
3503;27
3503;27
3503;27
3503;27
3503;27
3503;27
3503;27
3503;27
3503;27
3503;27
3503;27
3503;27
3503;27
3503;27
3503;27
3503;27
3503;27
3503;27
3503;27
3503;27
3503;27
3503;27
3503;27
3503;27
3503;27
3503;27
3503;27
3503;27
3503;27
3503;27
3503;27
3503;27
3503;27
3503;27
3503;27
3503;27
3503;27
3503;27
3503;27
3503;27
3503;27
3503;27
3503;27
3503;27
3503;27
3503;27
3503;27
3503;27
3503;27
3503;27
3503;27
3503;27
3503;27
3503;27
3503;27
3503;27
3503;27
3503;27
3503;27
3503;27
3503;27
3503;27
3503;27
3503;27
3503;27
3503;27
3503;27
3503;27
3503;27
3503;27
3503;27
3503;27
3503;27
3503;27
3503;27
3503;27
