596;27
595;27
594;27
593;27
592;27
592;27
592;27
591;27
591;27
591;27
591;27
591;27
590;27
590;27
590;27
590;27
590;27
590;27
590;27
590;27
590;27
590;27
590;27
590;27
590;27
590;27
590;27
590;27
590;27
590;27
590;27
590;27
590;27
590;27
590;27
590;27
590;27
590;27
590;27
590;27
590;27
590;27
590;27
590;27
590;27
590;27
590;27
590;27
590;27
590;27
590;27
590;27
590;27
590;27
590;27
590;27
590;27
590;27
590;27
590;27
590;27
590;27
590;27
590;27
590;27
590;27
590;27
590;27
590;27
590;27
590;27
590;27
590;27
590;27
590;27
590;27
590;27
590;27
590;27
590;27
590;27
590;27
590;27
590;27
590;27
590;27
590;27
590;27
590;27
590;27
590;27
590;27
590;27
590;27
590;27
590;27
590;27
590;27
590;27
590;27
590;27
590;27
590;27
590;27
590;27
590;27
590;27
590;27
590;27
590;27
590;27
590;27
590;27
590;27
590;27
1049;27
1419;27
1714;27
1948;27
2134;27
2284;27
2398;27
2486;27
2555;27
2609;27
2650;27
2680;27
2695;27
2705;27
2713;27
2714;27
2711;27
2704;27
2693;27
2683;27
2671;27
2660;27
2649;27
2641;27
2634;27
2629;27
2615;27
2604;27
2594;27
2581;27
2566;27
2546;27
2525;27
2507;27
2491;27
2471;27
2457;27
2452;27
2443;27
2414;27
2379;27
2343;27
2328;27
2305;27
2286;27
2270;27
2252;27
2234;27
2213;27
2187;27
2157;27
2129;27
2094;27
2058;27
2025;27
1993;27
1964;27
1933;27
1900;27
1888;27
1864;27
1842;27
1819;27
1794;27
1772;27
1739;27
1718;27
1687;27
1658;27
1624;27
1583;27
1548;27
1507;27
1469;27
1429;27
1410;27
1391;27
1345;27
1315;27
1285;27
1253;27
1228;27
1199;27
1165;27
1129;27
1120;27
1073;27
1025;27
954;27
931;27
874;27
843;27
809;27
771;27
731;27
681;27
633;27
578;27
512;27
466;27
434;27
410;27
385;27
559;27
880;27
1331;27
1766;27
2114;27
2392;27
2615;27
2793;27
2935;27
3049;27
3140;27
3213;27
3272;27
3318;27
3356;27
3386;27
3409;27
3429;27
3444;27
3456;27
3466;27
3474;27
3480;27
3485;27
3489;27
3492;27
3495;27
3497;27
3498;27
3500;27
3501;27
3502;27
3502;27
3503;27
3503;27
3504;27
3504;27
3504;27
3504;27
3504;27
3505;27
3505;27
3505;27
3505;27
3505;27
3505;27
3505;27
3505;27
3505;27
3505;27
3505;27
3505;27
3505;27
3505;27
3505;27
3505;27
3505;27
3505;27
3505;27
3505;27
3505;27
3505;27
3505;27
3505;27
3505;27
3505;27
3505;27
3505;27
3505;27
3505;27
3505;27
3505;27
3505;27
3505;27
3505;27
3505;27
3505;27
3505;27
3505;27
3505;27
3505;27
3505;27
3505;27
3505;27
3505;27
3505;27
3505;27
3505;27
3505;27
3505;27
3505;27
3505;27
3505;27
3505;27
3505;27
3505;27
3505;27
3505;27
3505;27
3505;27
3505;27
3505;27
3505;27
3505;27
3505;27
3505;27
3505;27
3505;27
3505;27
3505;27
3505;27
3505;27
3505;27
3505;27
3505;27
3505;27
3505;27
3505;27
3505;27
3505;27
3505;27
3505;27
3505;27
3505;27
3505;27
3505;27
3505;27
3505;27
3505;27
3505;27
3505;27
3505;27
3505;27
3505;27
3505;27
3505;27
3505;27
3505;27
3505;27
3505;27
3505;27
3505;27
3505;27
3505;27
3505;27
3505;27
3505;27
3505;27
3505;27
3505;27
3505;27
3505;27
3505;27
3505;27
3505;27
3505;27
3505;27
3505;27
3086;27
2587;27
2188;27
1868;27
1613;27
1408;27
1244;27
1114;27
1009;27
925;27
858;27
804;27
762;27
1310;27
1749;27
2100;27
2381;27
2606;27
2786;27
2930;27
3045;27
3137;27
3210;27
3269;27
3316;27
3354;27
3384;27
3408;27
3428;27
3443;27
3456;27
3465;27
3473;27
3480;27
3485;27
3489;27
3492;27
3495;27
3497;27
3498;27
3500;27
3501;27
3502;27
3502;27
3503;27
3503;27
3504;27
3504;27
3504;27
3504;27
3504;27
3505;27
3505;27
3505;27
3505;27
3505;27
3505;27
3505;27
3505;27
3505;27
3505;27
3505;27
3505;27
3505;27
3505;27
3505;27
3505;27
3505;27
3505;27
3505;27
3505;27
3505;27
3505;27
3505;27
3505;27
3505;27
3505;27
3505;27
3505;27
3505;27
3505;27
3505;27
3505;27
3505;27
3505;27
3505;27
3505;27
3505;27
3505;27
3505;27
3505;27
3505;27
3505;27
3505;27
3505;27
3505;27
3505;27
3505;27
3505;27
3505;27
3505;27
3505;27
3505;27
3505;27
3505;27
3505;27
3505;27
3505;27
3505;27
3505;27
3505;27
3505;27
3505;27
3505;27
3505;27
3505;27
3505;27
3505;27
3505;27
3505;27
3505;27
3505;27
3505;27
3505;27
3505;27
3505;27
3505;27
3505;27
3505;27
3505;27
3505;27
3505;27
3505;27
3505;27
3505;27
3505;27
3505;27
3505;27
3505;27
3505;27
3505;27
3505;27
3505;27
3505;27
3505;27
3505;27
3505;27
3505;27
3505;27
3505;27
3505;27
3505;27
3505;27
3505;27
3505;27
3505;27
3505;27
3505;27
3505;27
3505;27
3505;27
3505;27
3505;27
3505;27
3505;27
3505;27
3505;27
3505;27
3505;27
3505;27
3505;27
3505;27
3505;27
3505;27
3505;27
3505;27
3505;27
3505;27
3505;27
3505;27
3505;27
3505;27
3505;27
3505;27
3505;27
3505;27
3505;27
3505;27
3505;27
3505;27
3505;27
3505;27
3505;27
3505;27
3505;27
3505;27
3489;27
3430;27
3310;27
3113;27
2800;27
2420;27
2006;27
1723;27
1496;27
1315;27
1170;27
1054;27
961;27
887;27
828;27
780;27
742;27
1295;27
1737;27
2090;27
2373;27
2600;27
2781;27
2926;27
3041;27
3134;27
3208;27
3268;27
3315;27
3353;27
3383;27
3408;27
3427;27
3443;27
3455;27
3465;27
3473;27
3480;27
3485;27
3489;27
3492;27
3495;27
3497;27
3498;27
3500;27
3501;27
3502;27
3502;27
3503;27
3503;27
3504;27
3504;27
3504;27
3504;27
3504;27
3505;27
3505;27
3505;27
3505;27
3505;27
3505;27
3505;27
3505;27
3505;27
3505;27
3505;27
3505;27
3505;27
3505;27
3505;27
3505;27
3505;27
3505;27
3505;27
3505;27
3505;27
3505;27
3505;27
3505;27
3505;27
3505;27
3505;27
3505;27
3505;27
3505;27
3505;27
3505;27
3505;27
3505;27
3505;27
3505;27
3505;27
3505;27
3505;27
3505;27
3382;27
3193;27
2971;27
2715;27
2530;27
2145;27
1966;27
1884;27
1741;27
1582;27
1537;27
1341;27
1432;27
1846;27
2178;27
2443;27
2656;27
2826;27
2962;27
3070;27
3157;27
3227;27
3282;27
3327;27
3363;27
3391;27
3414;27
3432;27
3447;27
3458;27
3468;27
3475;27
3481;27
3486;27
3490;27
3493;27
3495;27
3497;27
3499;27
3500;27
3501;27
3502;27
3502;27
3503;27
3503;27
3504;27
3504;27
3504;27
3504;27
3504;27
3505;27
3505;27
3505;27
3505;27
3505;27
3505;27
3505;27
3505;27
3505;27
3505;27
3505;27
3505;27
3505;27
3505;27
3505;27
3505;27
3505;27
3505;27
3505;27
3505;27
3505;27
3505;27
3505;27
3505;27
3505;27
3505;27
3505;27
3505;27
3505;27
3505;27
3505;27
3505;27
3505;27
3505;27
3505;27
3505;27
3505;27
3505;27
3505;27
3505;27
3505;27
3505;27
3505;27
3505;27
3505;27
3505;27
3505;27
3505;27
3505;27
3505;27
3505;27
3505;27
3505;27
3505;27
3505;27
3505;27
3505;27
3505;27
3505;27
3505;27
3505;27
3505;27
3505;27
3505;27
3505;27
3505;27
3505;27
3505;27
3505;27
3505;27
3505;27
3505;27
3505;27
3505;27
3505;27
3505;27
3505;27
3505;27
3505;27
3505;27
3505;27
3505;27
3505;27
3505;27
3505;27
3505;27
3505;27
3505;27
3505;27
3505;27
3505;27
3505;27
3505;27
3505;27
3505;27
3505;27
3505;27
3505;27
3505;27
3505;27
3505;27
3505;27
3505;27
3505;27
3505;27
3505;27
3505;27
3505;27
3505;27
3505;27
3505;27
3505;27
3505;27
3505;27
3505;27
3505;27
3505;27
3505;27
3505;27
3505;27
3505;27
3505;27
3505;27
3505;27
3505;27
3505;27
3505;27
3505;27
3505;27
3505;27
3505;27
3505;27
3505;27
3505;27
3505;27
3505;27
3505;27
3505;27
3505;27
3505;27
3505;27
3505;27
3505;27
3505;27
3505;27
3505;27
3505;27
3505;27
3505;27
3505;27
3505;27
3505;27
3469;27
3352;27
3182;27
2910;27
2563;27
2091;27
1791;27
1551;27
1359;27
1205;27
1082;27
984;27
905;27
842;27
792;27
751;27
719;27
693;27
673;27
656;27
643;27
632;27
624;27
617;27
612;27
607;27
604;27
601;27
599;27
597;27
596;27
595;27
