595;27
595;27
595;27
595;27
595;27
595;27
595;27
595;27
595;27
595;27
595;27
595;27
595;27
595;27
595;27
595;27
595;27
595;27
595;27
595;27
595;27
595;27
595;27
595;27
595;27
595;27
595;27
595;27
595;27
595;27
595;27
595;27
595;27
595;27
595;27
595;27
595;27
595;27
595;27
595;27
595;27
595;27
595;27
595;27
595;27
595;27
595;27
595;27
595;27
595;27
595;27
595;27
595;27
595;27
595;27
595;27
595;27
595;27
595;27
595;27
595;27
595;27
595;27
595;27
595;27
595;27
595;27
595;27
595;27
595;27
595;27
595;27
595;27
595;27
595;27
595;27
595;27
595;27
595;27
595;27
595;27
595;27
595;27
595;27
595;27
595;27
595;27
595;27
595;27
595;27
595;27
595;27
595;27
595;27
595;27
595;27
595;27
595;27
595;27
595;27
595;27
595;27
595;27
595;27
595;27
595;27
595;27
595;27
595;27
595;27
595;27
595;27
595;27
595;27
595;27
595;27
595;27
595;27
595;27
595;27
595;27
595;27
595;27
507;27
525;27
539;27
550;27
559;27
566;27
572;27
577;27
580;27
583;27
586;27
587;27
589;27
590;27
591;27
592;27
593;27
593;27
593;27
594;27
594;27
594;27
594;27
594;27
595;27
595;27
595;27
595;27
595;27
595;27
595;27
595;27
595;27
595;27
595;27
595;27
595;27
595;27
595;27
595;27
595;27
595;27
595;27
595;27
595;27
595;27
595;27
595;27
595;27
595;27
595;27
595;27
595;27
595;27
595;27
595;27
595;27
595;27
595;27
595;27
595;27
595;27
595;27
595;27
595;27
595;27
595;27
595;27
595;27
595;27
595;27
595;27
595;27
595;27
523;27
866;27
1393;27
1814;27
2152;27
2421;27
2637;27
2810;27
2948;27
3058;27
3147;27
3217;27
3274;27
3319;27
3355;27
3384;27
3407;27
3426;27
3441;27
3453;27
3462;27
3470;27
3476;27
3481;27
3484;27
3488;27
3444;27
3251;27
3010;27
2704;27
2400;27
2117;27
1840;27
1585;27
1312;27
1125;27
1019;27
934;27
866;27
812;27
769;27
734;27
706;27
684;27
666;27
652;27
882;27
1406;27
1824;27
2160;27
2428;27
2642;27
2814;27
2951;27
3061;27
3149;27
3219;27
3067;27
2492;27
2113;27
1809;27
1566;27
1372;27
1217;27
1092;27
993;27
913;27
850;27
799;27
758;27
725;27
699;27
678;27
662;27
648;27
638;27
629;27
622;27
617;27
613;27
609;27
606;27
604;27
602;27
601;27
600;27
599;27
598;27
597;27
597;27
597;27
1098;27
1578;27
1963;27
2270;27
2516;27
2713;27
2870;27
2996;27
3097;27
3178;27
3242;27
3294;27
3335;27
3368;27
3394;27
3415;27
3432;27
3446;27
3457;27
3465;27
2891;27
2432;27
2065;27
1771;27
1536;27
1347;27
1197;27
1077;27
980;27
903;27
842;27
792;27
753;27
721;27
696;27
676;27
660;27
647;27
636;27
628;27
621;27
616;27
612;27
609;27
606;27
604;27
602;27
601;27
599;27
599;27
598;27
597;27
597;27
596;27
596;27
596;27
596;27
596;27
595;27
595;27
595;27
595;27
595;27
595;27
595;27
595;27
595;27
595;27
595;27
595;27
595;27
595;27
595;27
595;27
595;27
595;27
595;27
595;27
595;27
595;27
595;27
595;27
595;27
595;27
595;27
595;27
595;27
595;27
595;27
595;27
595;27
595;27
595;27
595;27
595;27
595;27
595;27
595;27
595;27
595;27
595;27
595;27
595;27
595;27
595;27
595;27
595;27
532;27
743;27
1167;27
1634;27
2007;27
2305;27
2544;27
2735;27
2888;27
3011;27
3109;27
3187;27
3249;27
3300;27
3340;27
3372;27
3397;27
3418;27
3434;27
3447;27
3458;27
3466;27
3473;27
3478;27
3483;27
3486;27
3489;27
3491;27
3493;27
3494;27
3495;27
3496;27
3497;27
3498;27
3498;27
3499;27
3282;27
2744;27
2315;27
1971;27
1696;27
1475;27
1299;27
1158;27
1046;27
956;27
883;27
826;27
780;27
743;27
713;27
690;27
671;27
656;27
643;27
634;27
626;27
620;27
615;27
611;27
641;27
1150;27
1620;27
1996;27
2297;27
2537;27
2730;27
2884;27
3007;27
3106;27
3185;27
3248;27
3298;27
3339;27
3371;27
3397;27
3417;27
3434;27
3447;27
3458;27
3466;27
3473;27
3478;27
3483;27
3486;27
3489;27
3491;27
3493;27
3494;27
3495;27
3496;27
3497;27
3498;27
3498;27
3499;27
3499;27
3499;27
3499;27
3499;27
3500;27
3500;27
3500;27
3500;27
3500;27
3500;27
3500;27
3500;27
3500;27
3500;27
3500;27
3438;27
2870;27
2415;27
2051;27
1760;27
1527;27
1340;27
1191;27
1072;27
977;27
900;27
839;27
790;27
751;27
720;27
695;27
675;27
659;27
646;27
636;27
628;27
621;27
616;27
612;27
608;27
606;27
604;27
602;27
600;27
599;27
599;27
598;27
597;27
597;27
596;27
596;27
596;27
596;27
596;27
595;27
595;27
595;27
595;27
595;27
595;27
595;27
595;27
595;27
595;27
595;27
595;27
595;27
595;27
595;27
595;27
595;27
595;27
595;27
595;27
595;27
595;27
595;27
595;27
595;27
595;27
595;27
595;27
595;27
595;27
595;27
595;27
595;27
595;27
545;27
555;27
563;27
569;27
574;27
579;27
582;27
584;27
587;27
588;27
590;27
591;27
592;27
592;27
593;27
593;27
594;27
594;27
594;27
594;27
594;27
595;27
595;27
595;27
595;27
595;27
595;27
595;27
595;27
595;27
595;27
595;27
595;27
595;27
595;27
595;27
595;27
595;27
595;27
595;27
595;27
595;27
595;27
595;27
595;27
595;27
595;27
595;27
595;27
595;27
595;27
595;27
595;27
595;27
595;27
595;27
595;27
595;27
595;27
595;27
595;27
595;27
595;27
595;27
595;27
595;27
595;27
595;27
595;27
595;27
595;27
595;27
595;27
595;27
595;27
595;27
595;27
595;27
595;27
595;27
595;27
595;27
595;27
595;27
595;27
595;27
595;27
595;27
595;27
595;27
595;27
595;27
595;27
595;27
595;27
595;27
595;27
595;27
595;27
595;27
595;27
595;27
595;27
595;27
595;27
595;27
595;27
595;27
595;27
595;27
595;27
595;27
595;27
595;27
595;27
595;27
595;27
595;27
595;27
595;27
595;27
595;27
595;27
595;27
595;27
595;27
595;27
595;27
595;27
595;27
595;27
595;27
595;27
595;27
595;27
595;27
595;27
595;27
595;27
595;27
595;27
595;27
595;27
595;27
595;27
595;27
595;27
595;27
595;27
595;27
595;27
595;27
595;27
595;27
595;27
595;27
595;27
595;27
595;27
595;27
595;27
595;27
595;27
595;27
595;27
595;27
595;27
595;27
595;27
595;27
595;27
595;27
595;27
595;27
595;27
595;27
595;27
595;27
595;27
595;27
595;27
595;27
595;27
595;27
595;27
595;27
595;27
595;27
595;27
595;27
595;27
595;27
595;27
595;27
595;27
595;27
595;27
595;27
595;27
595;27
595;27
595;27
595;27
595;27
595;27
595;27
595;27
595;27
595;27
595;27
595;27
595;27
595;27
595;27
595;27
595;27
595;27
595;27
595;27
595;27
595;27
595;27
595;27
595;27
595;27
595;27
595;27
595;27
595;27
595;27
595;27
595;27
595;27
595;27
595;27
595;27
595;27
595;27
595;27
595;27
595;27
595;27
595;27
595;27
595;27
595;27
595;27
595;27
595;27
595;27
595;27
595;27
595;27
595;27
595;27
595;27
595;27
595;27
595;27
595;27
595;27
595;27
595;27
595;27
595;27
595;27
595;27
595;27
595;27
595;27
595;27
595;27
595;27
595;27
595;27
595;27
595;27
595;27
595;27
595;27
595;27
595;27
595;27
595;27
595;27
595;27
595;27
595;27
595;27
595;27
595;27
595;27
595;27
595;27
595;27
595;27
595;27
595;27
595;27
595;27
